-9.98	0	2.727	2.727	2.727	0	1
-9.96	0	2.727	2.727	2.727	0	1
-9.94	0	2.727	2.727	2.727	0	1
-9.92	0	2.727	2.727	2.727	0	1
-9.9	0	2.727	2.727	2.727	0	1
-9.88	0	2.727	2.727	2.727	0	1
-9.86	0	2.727	2.727	2.727	0	1
-9.84	0	2.727	2.727	2.727	0	1
-9.82	0	2.727	2.727	2.727	0	1
-9.8	0	2.727	2.727	2.727	0	1
-9.78	0	2.727	2.727	2.727	0	1
-9.76	0	2.727	2.727	2.727	0	1
-9.74	0	2.727	2.727	2.727	0	1
-9.72	0	2.727	2.727	2.727	0	1
-9.7	0	2.727	2.727	2.727	0	1
-9.68	0	2.727	2.727	2.727	0	1
-9.66	0	2.727	2.727	2.727	0	1
-9.64	0	2.727	2.727	2.727	0	1
-9.62	0	2.727	2.727	2.727	0	1
-9.6	0	2.727	2.727	2.727	0	1
-9.58	0	2.727	2.727	2.727	0	1
-9.56	0	2.727	2.727	2.727	0	1
-9.54	0	2.727	2.727	2.727	0	1
-9.52	0	2.727	2.727	2.727	0	1
-9.5	0	2.727	2.727	2.727	0	1
-9.48	0	2.727	2.727	2.727	0	1
-9.46	0	2.727	2.727	2.727	0	1
-9.44	0	2.727	2.727	2.727	0	1
-9.42	0	2.727	2.727	2.727	0	1
-9.4	0	2.727	2.727	2.727	0	1
-9.38	0	2.727	2.727	2.727	0	1
-9.36	0	2.727	2.727	2.727	0	1
-9.34	0	2.727	2.727	2.727	0	1
-9.32	0	2.727	2.727	2.727	0	1
-9.3	0	2.727	2.727	2.727	0	1
-9.28	0	2.727	2.727	2.727	0	1
-9.26	0	2.727	2.727	2.727	0	1
-9.24	0	2.727	2.727	2.727	0	1
-9.22	0	2.727	2.727	2.727	0	1
-9.2	0	2.727	2.727	2.727	0	1
-9.18	0	2.727	2.727	2.727	0	1
-9.16	0	2.727	2.727	2.727	0	1
-9.14	0	2.727	2.727	2.727	0	1
-9.12	0	2.727	2.727	2.727	0	1
-9.1	0	2.727	2.727	2.727	0	1
-9.08	0	2.727	2.727	2.727	0	1
-9.06	0	2.727	2.727	2.727	0	1
-9.04	0	2.727	2.727	2.727	0	1
-9.02	0	2.727	2.727	2.727	0	1
-9	0	2.727	2.727	2.727	0	1
-8.98	0	2.727	2.727	2.727	0	1
-8.96	0	2.727	2.727	2.727	0	1
-8.94	0	2.727	2.727	2.727	0	1
-8.92	0	2.727	2.727	2.727	0	1
-8.9	0	2.727	2.727	2.727	0	1
-8.88	0	2.727	2.727	2.727	0	1
-8.86	0	2.727	2.727	2.727	0	1
-8.84	0	2.727	2.727	2.727	0	1
-8.82	0	2.727	2.727	2.727	0	1
-8.8	0	2.727	2.727	2.727	0	1
-8.78	0	2.727	2.727	2.727	0	1
-8.76	0	2.727	2.727	2.727	0	1
-8.74	0	2.727	2.727	2.727	0	1
-8.72	0	2.727	2.727	2.727	0	1
-8.7	0	2.727	2.727	2.727	0	1
-8.68	0	2.727	2.727	2.727	0	1
-8.66	0	2.727	2.727	2.727	0	1
-8.64	0	2.727	2.727	2.727	0	1
-8.62	0	2.727	2.727	2.727	0	1
-8.6	0	2.727	2.727	2.727	0	1
-8.58	0	2.727	2.727	2.727	0	1
-8.56	0	2.727	2.727	2.727	0	1
-8.54	0	2.727	2.727	2.727	0	1
-8.52	0	2.727	2.727	2.727	0	1
-8.5	0	2.727	2.727	2.727	0	1
-8.48	0	2.727	2.727	2.727	0	1
-8.46	0	2.727	2.727	2.727	0	1
-8.44	0	2.727	2.727	2.727	0	1
-8.42	0	2.727	2.727	2.727	0	1
-8.4	0	2.727	2.727	2.727	0	1
-8.38	0	2.727	2.727	2.727	0	1
-8.36	0	2.727	2.727	2.727	0	1
-8.34	0	2.727	2.727	2.727	0	1
-8.32	0	2.727	2.727	2.727	0	1
-8.3	0	2.727	2.727	2.727	0	1
-8.28	0	2.727	2.727	2.727	0	1
-8.26	0	2.727	2.727	2.727	0	1
-8.24	0	2.727	2.727	2.727	0	1
-8.22	0	2.727	2.727	2.727	0	1
-8.2	0	2.727	2.727	2.727	0	1
-8.18	0	2.727	2.727	2.727	0	1
-8.16	0	2.727	2.727	2.727	0	1
-8.14	0	2.727	2.727	2.727	0	1
-8.12	0	2.727	2.727	2.727	0	1
-8.1	0	2.727	2.727	2.727	0	1
-8.08	0	2.727	2.727	2.727	0	1
-8.06	0	2.727	2.727	2.727	0	1
-8.04	0	2.727	2.727	2.727	0	1
-8.02	0	2.727	2.727	2.727	0	1
-8	0	2.727	2.727	2.727	0	1
-7.98	0	2.727	2.727	2.727	0	1
-7.96	0	2.727	2.727	2.727	0	1
-7.94	0	2.727	2.727	2.727	0	1
-7.92	0	2.727	2.727	2.727	0	1
-7.9	0	2.727	2.727	2.727	0	1
-7.88	0	2.727	2.727	2.727	0	1
-7.86	0	2.727	2.727	2.727	0	1
-7.84	0	2.727	2.727	2.727	0	1
-7.82	0	2.727	2.727	2.727	0	1
-7.8	0	2.727	2.727	2.727	0	1
-7.78	0	2.727	2.727	2.727	0	1
-7.76	0	2.727	2.727	2.727	0	1
-7.74	0	2.727	2.727	2.727	0	1
-7.72	0	2.727	2.727	2.727	0	1
-7.7	0	2.727	2.727	2.727	0	1
-7.68	0	2.727	2.727	2.727	0	1
-7.66	0	2.727	2.727	2.727	0	1
-7.64	0	2.727	2.727	2.727	0	1
-7.62	0	2.727	2.727	2.727	0	1
-7.6	0	2.727	2.727	2.727	0	1
-7.58	0	2.727	2.727	2.727	0	1
-7.56	0	2.727	2.727	2.727	0	1
-7.54	0	2.727	2.727	2.727	0	1
-7.52	0	2.727	2.727	2.727	0	1
-7.5	0	2.727	2.727	2.727	0	1
-7.48	0	2.727	2.727	2.727	0	1
-7.46	0	2.727	2.727	2.727	0	1
-7.44	0	2.727	2.727	2.727	0	1
-7.42	0	2.727	2.727	2.727	0	1
-7.4	0	2.727	2.727	2.727	0	1
-7.38	0	2.727	2.727	2.727	0	1
-7.36	0	2.727	2.727	2.727	0	1
-7.34	0	2.727	2.727	2.727	0	1
-7.32	0	2.727	2.727	2.727	0	1
-7.3	0	2.727	2.727	2.727	0	1
-7.28	0	2.727	2.727	2.727	0	1
-7.26	0	2.727	2.727	2.727	0	1
-7.24	0	2.727	2.727	2.727	0	1
-7.22	0	2.727	2.727	2.727	0	1
-7.2	0	2.727	2.727	2.727	0	1
-7.18	0	2.727	2.727	2.727	0	1
-7.16	0	2.727	2.727	2.727	0	1
-7.14	0	2.727	2.727	2.727	0	1
-7.12	0	2.727	2.727	2.727	0	1
-7.1	0	2.727	2.727	2.727	0	1
-7.08	0	2.727	2.727	2.727	0	1
-7.06	0	2.727	2.727	2.727	0	1
-7.04	0	2.727	2.727	2.727	0	1
-7.02	0	2.727	2.727	2.727	0	1
-7	0	2.727	2.727	2.727	0	1
-6.98	0	2.727	2.727	2.727	0	1
-6.96	0	2.727	2.727	2.727	0	1
-6.94	0	2.727	2.727	2.727	0	1
-6.92	0	2.727	2.727	2.727	0	1
-6.9	0	2.727	2.727	2.727	0	1
-6.88	0	2.727	2.727	2.727	0	1
-6.86	0	2.727	2.727	2.727	0	1
-6.84	0	2.727	2.727	2.727	0	1
-6.82	0	2.727	2.727	2.727	0	1
-6.8	0	2.727	2.727	2.727	0	1
-6.78	0	2.727	2.727	2.727	0	1
-6.76	0	2.727	2.727	2.727	0	1
-6.74	0	2.727	2.727	2.727	0	1
-6.72	0	2.727	2.727	2.727	0	1
-6.7	0	2.727	2.727	2.727	0	1
-6.68	0	2.727	2.727	2.727	0	1
-6.66	0	2.727	2.727	2.727	0	1
-6.64	0	2.727	2.727	2.727	0	1
-6.62	0	2.727	2.727	2.727	0	1
-6.6	0	2.727	2.727	2.727	0	1
-6.58	0	2.727	2.727	2.727	0	1
-6.56	0	2.727	2.727	2.727	0	1
-6.54	0	2.727	2.727	2.727	0	1
-6.52	0	2.727	2.727	2.727	0	1
-6.5	0	2.727	2.727	2.727	0	1
-6.48	0	2.727	2.727	2.727	0	1
-6.46	0	2.727	2.727	2.727	0	1
-6.44	0	2.727	2.727	2.727	0	1
-6.42	0	2.727	2.727	2.727	0	1
-6.4	0	2.727	2.727	2.727	0	1
-6.38	0	2.727	2.727	2.727	0	1
-6.36	0	2.727	2.727	2.727	0	1
-6.34	0	2.727	2.727	2.727	0	1
-6.32	0	2.727	2.727	2.727	0	1
-6.3	0	2.727	2.727	2.727	0	1
-6.28	0	2.727	2.727	2.727	0	1
-6.26	0	2.727	2.727	2.727	0	1
-6.24	0	2.727	2.727	2.727	0	1
-6.22	0	2.727	2.727	2.727	0	1
-6.2	0	2.727	2.727	2.727	0	1
-6.18	0	2.727	2.727	2.727	0	1
-6.16	0	2.727	2.727	2.727	0	1
-6.14	0	2.727	2.727	2.727	0	1
-6.12	0	2.727	2.727	2.727	0	1
-6.1	0	2.727	2.727	2.727	0	1
-6.08	0	2.727	2.727	2.727	0	1
-6.06	0	2.727	2.727	2.727	0	1
-6.04	0	2.727	2.727	2.727	0	1
-6.02	0	2.727	2.727	2.727	0	1
-6	0	2.727	2.727	2.727	0	1
-5.98	0	2.727	2.727	2.727	0	1
-5.96	0	2.727	2.727	2.727	0	1
-5.94	0	2.727	2.727	2.727	0	1
-5.92	0	2.727	2.727	2.727	0	1
-5.9	0	2.727	2.727	2.727	0	1
-5.88	0	2.727	2.727	2.727	0	1
-5.86	0	2.727	2.727	2.727	0	1
-5.84	0	2.727	2.727	2.727	0	1
-5.82	0	2.727	2.727	2.727	0	1
-5.8	0	2.727	2.727	2.727	0	1
-5.78	0	2.727	2.727	2.727	0	1
-5.76	0	2.727	2.727	2.727	0	1
-5.74	0	2.727	2.727	2.727	0	1
-5.72	0	2.727	2.727	2.727	0	1
-5.7	0	2.727	2.727	2.727	0	1
-5.68	0	2.727	2.727	2.727	0	1
-5.66	0	2.727	2.727	2.727	0	1
-5.64	0	2.727	2.727	2.727	0	1
-5.62	0	2.727	2.727	2.727	0	1
-5.6	0	2.727	2.727	2.727	0	1
-5.58	0	2.727	2.727	2.727	0	1
-5.56	0	2.727	2.727	2.727	0	1
-5.54	0	2.727	2.727	2.727	0	1
-5.52	0	2.727	2.727	2.727	0	1
-5.5	0	2.727	2.727	2.727	0	1
-5.48	0	2.727	2.727	2.727	0	1
-5.46	0	2.727	2.727	2.727	0	1
-5.44	0	2.727	2.727	2.727	0	1
-5.42	0	2.727	2.727	2.727	0	1
-5.4	0	2.727	2.727	2.727	0	1
-5.38	0	2.727	2.727	2.727	0	1
-5.36	0	2.727	2.727	2.727	0	1
-5.34	0	2.727	2.727	2.727	0	1
-5.32	0	2.727	2.727	2.727	0	1
-5.3	0	2.727	2.727	2.727	0	1
-5.28	0	2.727	2.727	2.727	0	1
-5.26	0	2.727	2.727	2.727	0	1
-5.24	0	2.727	2.727	2.727	0	1
-5.22	0	2.727	2.727	2.727	0	1
-5.2	0	2.727	2.727	2.727	0	1
-5.18	0	2.727	2.727	2.727	0	1
-5.16	0	2.727	2.727	2.727	0	1
-5.14	0	2.727	2.727	2.727	0	1
-5.12	0	2.727	2.727	2.727	0	1
-5.1	0	2.727	2.727	2.727	0	1
-5.08	0	2.727	2.727	2.727	0	1
-5.06	0	2.727	2.727	2.727	0	1
-5.04	0	2.727	2.727	2.727	0	1
-5.02	0	2.727	2.727	2.727	0	1
-5	0	2.727	2.727	2.727	0	1
-4.98	0	2.727	2.727	2.727	0	1
-4.96	0	2.727	2.727	2.727	0	1
-4.94	0	2.727	2.727	2.727	0	1
-4.92	0	2.727	2.727	2.727	0	1
-4.9	0	2.727	2.727	2.727	0	1
-4.88	0	2.727	2.727	2.727	0	1
-4.86	0	2.727	2.727	2.727	0	1
-4.84	0	2.727	2.727	2.727	0	1
-4.82	0	2.727	2.727	2.727	0	1
-4.8	0	2.727	2.727	2.727	0	1
-4.78	0	2.727	2.727	2.727	0	1
-4.76	0	2.727	2.727	2.727	0	1
-4.74	0	2.727	2.727	2.727	0	1
-4.72	0	2.727	2.727	2.727	0	1
-4.7	0	2.727	2.727	2.727	0	1
-4.68	0	2.727	2.727	2.727	0	1
-4.66	0	2.727	2.727	2.727	0	1
-4.64	0	2.727	2.727	2.727	0	1
-4.62	0	2.727	2.727	2.727	0	1
-4.6	0	2.727	2.727	2.727	0	1
-4.58	0	2.727	2.727	2.727	0	1
-4.56	0	2.727	2.727	2.727	0	1
-4.54	0	2.727	2.727	2.727	0	1
-4.52	0	2.727	2.727	2.727	0	1
-4.5	0	2.727	2.727	2.727	0	1
-4.48	0	2.727	2.727	2.727	0	1
-4.46	0	2.727	2.727	2.727	0	1
-4.44	0	2.727	2.727	2.727	0	1
-4.42	0	2.727	2.727	2.727	0	1
-4.4	0	2.727	2.727	2.727	0	1
-4.38	0	2.727	2.727	2.727	0	1
-4.36	0	2.727	2.727	2.727	0	1
-4.34	0	2.727	2.727	2.727	0	1
-4.32	0	2.727	2.727	2.727	0	1
-4.3	0	2.727	2.727	2.727	0	1
-4.28	0	2.727	2.727	2.727	0	1
-4.26	0	2.727	2.727	2.727	0	1
-4.24	0	2.727	2.727	2.727	0	1
-4.22	0	2.727	2.727	2.727	0	1
-4.2	0	2.727	2.727	2.727	0	1
-4.18	0	2.727	2.727	2.727	0	1
-4.16	0	2.727	2.727	2.727	0	1
-4.14	0	2.727	2.727	2.727	0	1
-4.12	0	2.727	2.727	2.727	0	1
-4.1	0	2.727	2.727	2.727	0	1
-4.08	0	2.727	2.727	2.727	0	1
-4.06	0	2.727	2.727	2.727	0	1
-4.04	0	2.727	2.727	2.727	0	1
-4.02	0	2.727	2.727	2.727	0	1
-4	0	2.727	2.727	2.727	0	1
-3.98	0	2.727	2.727	2.727	0	1
-3.96	0	2.727	2.727	2.727	0	1
-3.94	0	2.727	2.727	2.727	0	1
-3.92	0	2.727	2.727	2.727	0	1
-3.9	0	2.727	2.727	2.727	0	1
-3.88	0	2.727	2.727	2.727	0	1
-3.86	0	2.727	2.727	2.727	0	1
-3.84	0	2.727	2.727	2.727	0	1
-3.82	0	2.727	2.727	2.727	0	1
-3.8	0	2.727	2.727	2.727	0	1
-3.78	0	2.727	2.727	2.727	0	1
-3.76	0	2.727	2.727	2.727	0	1
-3.74	0	2.727	2.727	2.727	0	1
-3.72	0	2.727	2.727	2.727	0	1
-3.7	0	2.727	2.727	2.727	0	1
-3.68	0	2.727	2.727	2.727	0	1
-3.66	0	2.727	2.727	2.727	0	1
-3.64	0	2.727	2.727	2.727	0	1
-3.62	0	2.727	2.727	2.727	0	1
-3.6	0	2.727	2.727	2.727	0	1
-3.58	0	2.727	2.727	2.727	0	1
-3.56	0	2.727	2.727	2.727	0	1
-3.54	0	2.727	2.727	2.727	0	1
-3.52	0	2.727	2.727	2.727	0	1
-3.5	0	2.727	2.727	2.727	0	1
-3.48	0	2.727	2.727	2.727	0	1
-3.46	0	2.727	2.727	2.727	0	1
-3.44	0	2.727	2.727	2.727	0	1
-3.42	0	2.727	2.727	2.727	0	1
-3.4	0	2.727	2.727	2.727	0	1
-3.38	0	2.727	2.727	2.727	0	1
-3.36	0	2.727	2.727	2.727	0	1
-3.34	0	2.727	2.727	2.727	0	1
-3.32	0	2.727	2.727	2.727	0	1
-3.3	0	2.727	2.727	2.727	0	1
-3.28	0	2.727	2.727	2.727	0	1
-3.26	0	2.727	2.727	2.727	0	1
-3.24	0	2.727	2.727	2.727	0	1
-3.22	0	2.727	2.727	2.727	0	1
-3.2	0	2.727	2.727	2.727	0	1
-3.18	0	2.727	2.727	2.727	0	1
-3.16	0	2.727	2.727	2.727	0	1
-3.14	0	2.727	2.727	2.727	0	1
-3.12	0	2.727	2.727	2.727	0	1
-3.1	0	2.727	2.727	2.727	0	1
-3.08	0	2.727	2.727	2.727	0	1
-3.06	0	2.727	2.727	2.727	0	1
-3.04	0	2.727	2.727	2.727	0	1
-3.02	0	2.727	2.727	2.727	0	1
-3	0	2.727	2.727	2.727	0	1
-2.98	0	2.727	2.727	2.727	0	1
-2.96	0	2.727	2.727	2.727	0	1
-2.94	0	2.727	2.727	2.727	0	1
-2.92	0	2.727	2.727	2.727	0	1
-2.9	0	2.727	2.727	2.727	0	1
-2.88	0	2.727	2.727	2.727	0	1
-2.86	0	2.727	2.727	2.727	0	1
-2.84	0	2.727	2.727	2.727	0	1
-2.82	0	2.727	2.727	2.727	0	1
-2.8	0	2.727	2.727	2.727	0	1
-2.78	0	2.727	2.727	2.727	0	1
-2.76	0	2.727	2.727	2.727	0	1
-2.74	0	2.727	2.727	2.727	0	1
-2.72	0	2.727	2.727	2.727	0	1
-2.7	0	2.727	2.727	2.727	0	1
-2.68	0	2.727	2.727	2.727	0	1
-2.66	0	2.727	2.727	2.727	0	1
-2.64	0	2.727	2.727	2.727	0	1
-2.62	0	2.727	2.727	2.727	0	1
-2.6	0	2.727	2.727	2.727	0	1
-2.58	0	2.727	2.727	2.727	0	1
-2.56	0	2.727	2.727	2.727	0	1
-2.54	0	2.727	2.727	2.727	0	1
-2.52	0	2.727	2.727	2.727	0	1
-2.5	0	2.727	2.727	2.727	0	1
-2.48	0	2.727	2.727	2.727	0	1
-2.46	0	2.727	2.727	2.727	0	1
-2.44	0	2.727	2.727	2.727	0	1
-2.42	0	2.727	2.727	2.727	0	1
-2.4	0	2.727	2.727	2.727	0	1
-2.38	0	2.727	2.727	2.727	0	1
-2.36	0	2.727	2.727	2.727	0	1
-2.34	0	2.727	2.727	2.727	0	1
-2.32	0	2.727	2.727	2.727	0	1
-2.3	0	2.727	2.727	2.727	0	1
-2.28	0	2.727	2.727	2.727	0	1
-2.26	0	2.727	2.727	2.727	0	1
-2.24	0	2.727	2.727	2.727	0	1
-2.22	0	2.727	2.727	2.727	0	1
-2.2	0	2.727	2.727	2.727	0	1
-2.18	0	2.727	2.727	2.727	0	1
-2.16	0	2.727	2.727	2.727	0	1
-2.14	0	2.727	2.727	2.727	0	1
-2.12	0	2.727	2.727	2.727	0	1
-2.1	0	2.727	2.727	2.727	0	1
-2.08	0	2.727	2.727	2.727	0	1
-2.06	0	2.727	2.727	2.727	0	1
-2.04	0	2.727	2.727	2.727	0	1
-2.02	0	2.727	2.727	2.727	0	1
-2	0	2.727	2.727	2.727	0	1
-1.98	0	2.727	2.727	2.727	0	1
-1.96	0	2.727	2.727	2.727	0	1
-1.94	0	2.727	2.727	2.727	0	1
-1.92	0	2.727	2.727	2.727	0	1
-1.9	0	2.727	2.727	2.727	0	1
-1.88	0	2.727	2.727	2.727	0	1
-1.86	0	2.727	2.727	2.727	0	1
-1.84	0	2.727	2.727	2.727	0	1
-1.82	0	2.727	2.727	2.727	0	1
-1.8	0	2.727	2.727	2.727	0	1
-1.78	0	2.727	2.727	2.727	0	1
-1.76	0	2.727	2.727	2.727	0	1
-1.74	0	2.727	2.727	2.727	0	1
-1.72	0	2.727	2.727	2.727	0	1
-1.7	0	2.727	2.727	2.727	0	1
-1.68	0	2.727	2.727	2.727	0	1
-1.66	0	2.727	2.727	2.727	0	1
-1.64	0	2.727	2.727	2.727	0	1
-1.62	0	2.727	2.727	2.727	0	1
-1.6	0	2.727	2.727	2.727	0	1
-1.58	0	2.727	2.727	2.727	0	1
-1.56	0	2.727	2.727	2.727	0	1
-1.54	0	2.727	2.727	2.727	0	1
-1.52	0	2.727	2.727	2.727	0	1
-1.5	0	2.727	2.727	2.727	0	1
-1.48	0	2.727	2.727	2.727	0	1
-1.46	0	2.727	2.727	2.727	0	1
-1.44	0	2.727	2.727	2.727	0	1
-1.42	0	2.727	2.727	2.727	0	1
-1.4	0	2.727	2.727	2.727	0	1
-1.38	0	2.727	2.727	2.727	0	1
-1.36	0	2.727	2.727	2.727	0	1
-1.34	0	2.727	2.727	2.727	0	1
-1.32	0	2.727	2.727	2.727	0	1
-1.3	0	2.727	2.727	2.727	0	1
-1.28	0	2.727	2.727	2.727	0	1
-1.26	0	2.727	2.727	2.727	0	1
-1.24	0	2.727	2.727	2.727	0	1
-1.22	0	2.727	2.727	2.727	0	1
-1.2	0	2.727	2.727	2.727	0	1
-1.18	0	2.727	2.727	2.727	0	1
-1.16	0	2.727	2.727	2.727	0	1
-1.14	0	2.727	2.727	2.727	0	1
-1.12	0	2.727	2.727	2.727	0	1
-1.1	0	2.727	2.727	2.727	0	1
-1.08	0	2.727	2.727	2.727	0	1
-1.06	0	2.727	2.727	2.727	0	1
-1.04	0	2.727	2.727	2.727	0	1
-1.02	0	2.727	2.727	2.727	0	1
-1	0	2.727	2.727	2.727	0	1
-.98	0	2.727	2.727	2.727	0	1
-.96	0	2.727	2.727	2.727	0	1
-.94	0	2.727	2.727	2.727	0	1
-.92	0	2.727	2.727	2.727	0	1
-.9	0	2.727	2.727	2.727	0	1
-.88	0	2.727	2.727	2.727	0	1
-.86	0	2.727	2.727	2.727	0	1
-.84	0	2.727	2.727	2.727	0	1
-.82	0	2.727	2.727	2.727	0	1
-.8	0	2.727	2.727	2.727	0	1
-.78	0	2.727	2.727	2.727	0	1
-.76	0	2.727	2.727	2.727	0	1
-.74	0	2.727	2.727	2.727	0	1
-.72	0	2.727	2.727	2.727	0	1
-.7	0	2.727	2.727	2.727	0	1
-.68	0	2.727	2.727	2.727	0	1
-.66	0	2.727	2.727	2.727	0	1
-.64	0	2.727	2.727	2.727	0	1
-.62	0	2.727	2.727	2.727	0	1
-.6	0	2.727	2.727	2.727	0	1
-.58	0	2.727	2.727	2.727	0	1
-.56	0	2.727	2.727	2.727	0	1
-.54	0	2.727	2.727	2.727	0	1
-.52	0	2.727	2.727	2.727	0	1
-.5	0	2.727	2.727	2.727	0	1
-.48	0	2.727	2.727	2.727	0	1
-.46	0	2.727	2.727	2.727	0	1
-.44	0	2.727	2.727	2.727	0	1
-.42	0	2.727	2.727	2.727	0	1
-.4	0	2.727	2.727	2.727	0	1
-.38	0	2.727	2.727	2.727	0	1
-.36	0	2.727	2.727	2.727	0	1
-.34	0	2.727	2.727	2.727	0	1
-.32	0	2.727	2.727	2.727	0	1
-.3	0	2.727	2.727	2.727	0	1
-.28	0	2.727	2.727	2.727	0	1
-.26	0	2.727	2.727	2.727	0	1
-.24	0	2.727	2.727	2.727	0	1
-.22	0	2.727	2.727	2.727	0	1
-.2	0	2.727	2.727	2.727	0	1
-.18	0	2.727	2.727	2.727	0	1
-.16	0	2.727	2.727	2.727	0	1
-.14	0	2.727	2.727	2.727	0	1
-.12	0	2.727	2.727	2.727	0	1
-.1	0	2.727	2.727	2.727	0	1
-.08	0	2.727	2.727	2.727	0	1
-.06	0	2.727	2.727	2.727	0	1
-.04	0	2.727	2.727	2.727	0	1
-.02	0	2.727	2.727	2.727	0	1
0	0	2.727	2.727	2.727	0	1
.02	0	2.727	2.727	2.727	0	1
.04	0	2.727	2.727	2.727	0	1
.06	0	2.727	2.727	2.727	0	1
.08	0	2.727	2.727	2.727	0	1
.1	0	2.727	2.727	2.727	0	1
.12	0	2.727	2.727	2.727	0	1
.14	0	2.727	2.727	2.727	0	1
.16	0	2.727	2.727	2.727	0	1
.18	0	2.727	2.727	2.727	0	1
.2	0	2.727	2.727	2.727	0	1
.22	0	2.727	2.727	2.727	0	1
.24	0	2.727	2.727	2.727	0	1
.26	0	2.727	2.727	2.727	0	1
.28	0	2.727	2.727	2.727	0	1
.3	0	2.727	2.727	2.727	0	1
.32	0	2.727	2.727	2.727	0	1
.34	0	2.727	2.727	2.727	0	1
.36	0	2.727	2.727	2.727	0	1
.38	0	2.727	2.727	2.727	0	1
.4	0	2.727	2.727	2.727	0	1
.42	0	2.727	2.727	2.727	0	1
.44	0	2.727	2.727	2.727	0	1
.46	0	2.727	2.727	2.727	0	1
.48	0	2.727	2.727	2.727	0	1
.5	0	2.727	2.727	2.727	0	1
.52	0	2.727	2.727	2.727	0	1
.54	0	2.727	2.727	2.727	0	1
.56	0	2.727	2.727	2.727	0	1
.58	0	2.727	2.727	2.727	0	1
.6	0	2.727	2.727	2.727	0	1
.62	0	2.727	2.727	2.727	0	1
.64	0	2.727	2.727	2.727	0	1
.66	0	2.727	2.727	2.727	0	1
.68	0	2.727	2.727	2.727	0	1
.7	0	2.727	2.727	2.727	0	1
.72	0	2.727	2.727	2.727	0	1
.74	0	2.727	2.727	2.727	0	1
.76	0	2.727	2.727	2.727	0	1
.78	0	2.727	2.727	2.727	0	1
.8	0	2.727	2.727	2.727	0	1
.82	0	2.727	2.727	2.727	0	1
.84	0	2.727	2.727	2.727	0	1
.86	0	2.727	2.727	2.727	0	1
.88	0	2.727	2.727	2.727	0	1
.9	0	2.727	2.727	2.727	0	1
.92	0	2.727	2.727	2.727	0	1
.94	0	2.727	2.727	2.727	0	1
.96	0	2.727	2.727	2.727	0	1
.98	0	2.727	2.727	2.727	0	1
1	0	2.727	2.727	2.727	0	1
1.02	0	2.727	2.727	2.727	0	1
1.04	0	2.727	2.727	2.727	0	1
1.06	0	2.727	2.727	2.727	0	1
1.08	0	2.727	2.727	2.727	0	1
1.1	0	2.727	2.727	2.727	0	1
1.12	0	2.727	2.727	2.727	0	1
1.14	0	2.727	2.727	2.727	0	1
1.16	0	2.727	2.727	2.727	0	1
1.18	0	2.727	2.727	2.727	0	1
1.2	0	2.727	2.727	2.727	0	1
1.22	0	2.727	2.727	2.727	0	1
1.24	0	2.727	2.727	2.727	0	1
1.26	0	2.727	2.727	2.727	0	1
1.28	0	2.727	2.727	2.727	0	1
1.3	0	2.727	2.727	2.727	0	1
1.32	0	2.727	2.727	2.727	0	1
1.34	0	2.727	2.727	2.727	0	1
1.36	0	2.727	2.727	2.727	0	1
1.38	0	2.727	2.727	2.727	0	1
1.4	0	2.727	2.727	2.727	0	1
1.42	0	2.727	2.727	2.727	0	1
1.44	0	2.727	2.727	2.727	0	1
1.46	0	2.727	2.727	2.727	0	1
1.48	0	2.727	2.727	2.727	0	1
1.5	0	2.727	2.727	2.727	0	1
1.52	0	2.727	2.727	2.727	0	1
1.54	0	2.727	2.727	2.727	0	1
1.56	0	2.727	2.727	2.727	0	1
1.58	0	2.727	2.727	2.727	0	1
1.6	0	2.727	2.727	2.727	0	1
1.62	0	2.727	2.727	2.727	0	1
1.64	0	2.727	2.727	2.727	0	1
1.66	0	2.727	2.727	2.727	0	1
1.68	0	2.727	2.727	2.727	0	1
1.7	0	2.727	2.727	2.727	0	1
1.72	0	2.727	2.727	2.727	0	1
1.74	0	2.727	2.727	2.727	0	1
1.76	0	2.727	2.727	2.727	0	1
1.78	0	2.727	2.727	2.727	0	1
1.8	0	2.727	2.727	2.727	0	1
1.82	0	2.727	2.727	2.727	0	1
1.84	0	2.727	2.727	2.727	0	1
1.86	0	2.727	2.727	2.727	0	1
1.88	0	2.727	2.727	2.727	0	1
1.9	0	2.727	2.727	2.727	0	1
1.92	0	2.727	2.727	2.727	0	1
1.94	0	2.727	2.727	2.727	0	1
1.96	0	2.727	2.727	2.727	0	1
1.98	0	2.727	2.727	2.727	0	1
2	0	2.727	2.727	2.727	0	1
2.02	0	2.727	2.727	2.727	0	1
2.04	0	2.727	2.727	2.727	0	1
2.06	0	2.727	2.727	2.727	0	1
2.08	0	2.727	2.727	2.727	0	1
2.1	0	2.727	2.727	2.727	0	1
2.12	0	2.727	2.727	2.727	0	1
2.14	0	2.727	2.727	2.727	0	1
2.16	0	2.727	2.727	2.727	0	1
2.18	0	2.727	2.727	2.727	0	1
2.2	0	2.727	2.727	2.727	0	1
2.22	0	2.727	2.727	2.727	0	1
2.24	0	2.727	2.727	2.727	0	1
2.26	0	2.727	2.727	2.727	0	1
2.28	0	2.727	2.727	2.727	0	1
2.3	0	2.727	2.727	2.727	0	1
2.32	0	2.727	2.727	2.727	0	1
2.34	0	2.727	2.727	2.727	0	1
2.36	0	2.727	2.727	2.727	0	1
2.38	0	2.727	2.727	2.727	0	1
2.4	0	2.727	2.727	2.727	0	1
2.42	0	2.727	2.727	2.727	0	1
2.44	0	2.727	2.727	2.727	0	1
2.46	0	2.727	2.727	2.727	0	1
2.48	0	2.727	2.727	2.727	0	1
2.5	0	2.727	2.727	2.727	0	1
2.52	0	2.727	2.727	2.727	0	1
2.54	0	2.727	2.727	2.727	0	1
2.56	0	2.727	2.727	2.727	0	1
2.58	0	2.727	2.727	2.727	0	1
2.6	0	2.727	2.727	2.727	0	1
2.62	0	2.727	2.727	2.727	0	1
2.64	0	2.727	2.727	2.727	0	1
2.66	0	2.727	2.727	2.727	0	1
2.68	0	2.727	2.727	2.727	0	1
2.7	0	2.727	2.727	2.727	0	1
2.72	1	2.727	2.727	2.727	0	1
2.74	0	2.727	2.727	2.727	0	1
2.76	0	2.727	2.727	2.727	0	1
2.78	0	2.727	2.727	2.727	0	1
2.8	0	2.727	2.727	2.727	0	1
2.82	0	2.727	2.727	2.727	0	1
2.84	0	2.727	2.727	2.727	0	1
2.86	0	2.727	2.727	2.727	0	1
2.88	0	2.727	2.727	2.727	0	1
2.9	0	2.727	2.727	2.727	0	1
2.92	0	2.727	2.727	2.727	0	1
2.94	0	2.727	2.727	2.727	0	1
2.96	0	2.727	2.727	2.727	0	1
2.98	0	2.727	2.727	2.727	0	1
3	0	2.727	2.727	2.727	0	1
3.02	0	2.727	2.727	2.727	0	1
3.04	0	2.727	2.727	2.727	0	1
3.06	0	2.727	2.727	2.727	0	1
3.08	0	2.727	2.727	2.727	0	1
3.1	0	2.727	2.727	2.727	0	1
3.12	0	2.727	2.727	2.727	0	1
3.14	0	2.727	2.727	2.727	0	1
3.16	0	2.727	2.727	2.727	0	1
3.18	0	2.727	2.727	2.727	0	1
3.2	0	2.727	2.727	2.727	0	1
3.22	0	2.727	2.727	2.727	0	1
3.24	0	2.727	2.727	2.727	0	1
3.26	0	2.727	2.727	2.727	0	1
3.28	0	2.727	2.727	2.727	0	1
3.3	0	2.727	2.727	2.727	0	1
3.32	0	2.727	2.727	2.727	0	1
3.34	0	2.727	2.727	2.727	0	1
3.36	0	2.727	2.727	2.727	0	1
3.38	0	2.727	2.727	2.727	0	1
3.4	0	2.727	2.727	2.727	0	1
3.42	0	2.727	2.727	2.727	0	1
3.44	0	2.727	2.727	2.727	0	1
3.46	0	2.727	2.727	2.727	0	1
3.48	0	2.727	2.727	2.727	0	1
3.5	0	2.727	2.727	2.727	0	1
3.52	0	2.727	2.727	2.727	0	1
3.54	0	2.727	2.727	2.727	0	1
3.56	0	2.727	2.727	2.727	0	1
3.58	0	2.727	2.727	2.727	0	1
3.6	0	2.727	2.727	2.727	0	1
3.62	0	2.727	2.727	2.727	0	1
3.64	0	2.727	2.727	2.727	0	1
3.66	0	2.727	2.727	2.727	0	1
3.68	0	2.727	2.727	2.727	0	1
3.7	0	2.727	2.727	2.727	0	1
3.72	0	2.727	2.727	2.727	0	1
3.74	0	2.727	2.727	2.727	0	1
3.76	0	2.727	2.727	2.727	0	1
3.78	0	2.727	2.727	2.727	0	1
3.8	0	2.727	2.727	2.727	0	1
3.82	0	2.727	2.727	2.727	0	1
3.84	0	2.727	2.727	2.727	0	1
3.86	0	2.727	2.727	2.727	0	1
3.88	0	2.727	2.727	2.727	0	1
3.9	0	2.727	2.727	2.727	0	1
3.92	0	2.727	2.727	2.727	0	1
3.94	0	2.727	2.727	2.727	0	1
3.96	0	2.727	2.727	2.727	0	1
3.98	0	2.727	2.727	2.727	0	1
4	0	2.727	2.727	2.727	0	1
4.02	0	2.727	2.727	2.727	0	1
4.04	0	2.727	2.727	2.727	0	1
4.06	0	2.727	2.727	2.727	0	1
4.08	0	2.727	2.727	2.727	0	1
4.1	0	2.727	2.727	2.727	0	1
4.12	0	2.727	2.727	2.727	0	1
4.14	0	2.727	2.727	2.727	0	1
4.16	0	2.727	2.727	2.727	0	1
4.18	0	2.727	2.727	2.727	0	1
4.2	0	2.727	2.727	2.727	0	1
4.22	0	2.727	2.727	2.727	0	1
4.24	0	2.727	2.727	2.727	0	1
4.26	0	2.727	2.727	2.727	0	1
4.28	0	2.727	2.727	2.727	0	1
4.3	0	2.727	2.727	2.727	0	1
4.32	0	2.727	2.727	2.727	0	1
4.34	0	2.727	2.727	2.727	0	1
4.36	0	2.727	2.727	2.727	0	1
4.38	0	2.727	2.727	2.727	0	1
4.4	0	2.727	2.727	2.727	0	1
4.42	0	2.727	2.727	2.727	0	1
4.44	0	2.727	2.727	2.727	0	1
4.46	0	2.727	2.727	2.727	0	1
4.48	0	2.727	2.727	2.727	0	1
4.5	0	2.727	2.727	2.727	0	1
4.52	0	2.727	2.727	2.727	0	1
4.54	0	2.727	2.727	2.727	0	1
4.56	0	2.727	2.727	2.727	0	1
4.58	0	2.727	2.727	2.727	0	1
4.6	0	2.727	2.727	2.727	0	1
4.62	0	2.727	2.727	2.727	0	1
4.64	0	2.727	2.727	2.727	0	1
4.66	0	2.727	2.727	2.727	0	1
4.68	0	2.727	2.727	2.727	0	1
4.7	0	2.727	2.727	2.727	0	1
4.72	0	2.727	2.727	2.727	0	1
4.74	0	2.727	2.727	2.727	0	1
4.76	0	2.727	2.727	2.727	0	1
4.78	0	2.727	2.727	2.727	0	1
4.8	0	2.727	2.727	2.727	0	1
4.82	0	2.727	2.727	2.727	0	1
4.84	0	2.727	2.727	2.727	0	1
4.86	0	2.727	2.727	2.727	0	1
4.88	0	2.727	2.727	2.727	0	1
4.9	0	2.727	2.727	2.727	0	1
4.92	0	2.727	2.727	2.727	0	1
4.94	0	2.727	2.727	2.727	0	1
4.96	0	2.727	2.727	2.727	0	1
4.98	0	2.727	2.727	2.727	0	1
5	0	2.727	2.727	2.727	0	1
5.02	0	2.727	2.727	2.727	0	1
5.04	0	2.727	2.727	2.727	0	1
5.06	0	2.727	2.727	2.727	0	1
5.08	0	2.727	2.727	2.727	0	1
5.1	0	2.727	2.727	2.727	0	1
5.12	0	2.727	2.727	2.727	0	1
5.14	0	2.727	2.727	2.727	0	1
5.16	0	2.727	2.727	2.727	0	1
5.18	0	2.727	2.727	2.727	0	1
5.2	0	2.727	2.727	2.727	0	1
5.22	0	2.727	2.727	2.727	0	1
5.24	0	2.727	2.727	2.727	0	1
5.26	0	2.727	2.727	2.727	0	1
5.28	0	2.727	2.727	2.727	0	1
5.3	0	2.727	2.727	2.727	0	1
5.32	0	2.727	2.727	2.727	0	1
5.34	0	2.727	2.727	2.727	0	1
5.36	0	2.727	2.727	2.727	0	1
5.38	0	2.727	2.727	2.727	0	1
5.4	0	2.727	2.727	2.727	0	1
5.42	0	2.727	2.727	2.727	0	1
5.44	0	2.727	2.727	2.727	0	1
5.46	0	2.727	2.727	2.727	0	1
5.48	0	2.727	2.727	2.727	0	1
5.5	0	2.727	2.727	2.727	0	1
5.52	0	2.727	2.727	2.727	0	1
5.54	0	2.727	2.727	2.727	0	1
5.56	0	2.727	2.727	2.727	0	1
5.58	0	2.727	2.727	2.727	0	1
5.6	0	2.727	2.727	2.727	0	1
5.62	0	2.727	2.727	2.727	0	1
5.64	0	2.727	2.727	2.727	0	1
5.66	0	2.727	2.727	2.727	0	1
5.68	0	2.727	2.727	2.727	0	1
5.7	0	2.727	2.727	2.727	0	1
5.72	0	2.727	2.727	2.727	0	1
5.74	0	2.727	2.727	2.727	0	1
5.76	0	2.727	2.727	2.727	0	1
5.78	0	2.727	2.727	2.727	0	1
5.8	0	2.727	2.727	2.727	0	1
5.82	0	2.727	2.727	2.727	0	1
5.84	0	2.727	2.727	2.727	0	1
5.86	0	2.727	2.727	2.727	0	1
5.88	0	2.727	2.727	2.727	0	1
5.9	0	2.727	2.727	2.727	0	1
5.92	0	2.727	2.727	2.727	0	1
5.94	0	2.727	2.727	2.727	0	1
5.96	0	2.727	2.727	2.727	0	1
5.98	0	2.727	2.727	2.727	0	1
6	0	2.727	2.727	2.727	0	1
6.02	0	2.727	2.727	2.727	0	1
6.04	0	2.727	2.727	2.727	0	1
6.06	0	2.727	2.727	2.727	0	1
6.08	0	2.727	2.727	2.727	0	1
6.1	0	2.727	2.727	2.727	0	1
6.12	0	2.727	2.727	2.727	0	1
6.14	0	2.727	2.727	2.727	0	1
6.16	0	2.727	2.727	2.727	0	1
6.18	0	2.727	2.727	2.727	0	1
6.2	0	2.727	2.727	2.727	0	1
6.22	0	2.727	2.727	2.727	0	1
6.24	0	2.727	2.727	2.727	0	1
6.26	0	2.727	2.727	2.727	0	1
6.28	0	2.727	2.727	2.727	0	1
6.3	0	2.727	2.727	2.727	0	1
6.32	0	2.727	2.727	2.727	0	1
6.34	0	2.727	2.727	2.727	0	1
6.36	0	2.727	2.727	2.727	0	1
6.38	0	2.727	2.727	2.727	0	1
6.4	0	2.727	2.727	2.727	0	1
6.42	0	2.727	2.727	2.727	0	1
6.44	0	2.727	2.727	2.727	0	1
6.46	0	2.727	2.727	2.727	0	1
6.48	0	2.727	2.727	2.727	0	1
6.5	0	2.727	2.727	2.727	0	1
6.52	0	2.727	2.727	2.727	0	1
6.54	0	2.727	2.727	2.727	0	1
6.56	0	2.727	2.727	2.727	0	1
6.58	0	2.727	2.727	2.727	0	1
6.6	0	2.727	2.727	2.727	0	1
6.62	0	2.727	2.727	2.727	0	1
6.64	0	2.727	2.727	2.727	0	1
6.66	0	2.727	2.727	2.727	0	1
6.68	0	2.727	2.727	2.727	0	1
6.7	0	2.727	2.727	2.727	0	1
6.72	0	2.727	2.727	2.727	0	1
6.74	0	2.727	2.727	2.727	0	1
6.76	0	2.727	2.727	2.727	0	1
6.78	0	2.727	2.727	2.727	0	1
6.8	0	2.727	2.727	2.727	0	1
6.82	0	2.727	2.727	2.727	0	1
6.84	0	2.727	2.727	2.727	0	1
6.86	0	2.727	2.727	2.727	0	1
6.88	0	2.727	2.727	2.727	0	1
6.9	0	2.727	2.727	2.727	0	1
6.92	0	2.727	2.727	2.727	0	1
6.94	0	2.727	2.727	2.727	0	1
6.96	0	2.727	2.727	2.727	0	1
6.98	0	2.727	2.727	2.727	0	1
7	0	2.727	2.727	2.727	0	1
7.02	0	2.727	2.727	2.727	0	1
7.04	0	2.727	2.727	2.727	0	1
7.06	0	2.727	2.727	2.727	0	1
7.08	0	2.727	2.727	2.727	0	1
7.1	0	2.727	2.727	2.727	0	1
7.12	0	2.727	2.727	2.727	0	1
7.14	0	2.727	2.727	2.727	0	1
7.16	0	2.727	2.727	2.727	0	1
7.18	0	2.727	2.727	2.727	0	1
7.2	0	2.727	2.727	2.727	0	1
7.22	0	2.727	2.727	2.727	0	1
7.24	0	2.727	2.727	2.727	0	1
7.26	0	2.727	2.727	2.727	0	1
7.28	0	2.727	2.727	2.727	0	1
7.3	0	2.727	2.727	2.727	0	1
7.32	0	2.727	2.727	2.727	0	1
7.34	0	2.727	2.727	2.727	0	1
7.36	0	2.727	2.727	2.727	0	1
7.38	0	2.727	2.727	2.727	0	1
7.4	0	2.727	2.727	2.727	0	1
7.42	0	2.727	2.727	2.727	0	1
7.44	0	2.727	2.727	2.727	0	1
7.46	0	2.727	2.727	2.727	0	1
7.48	0	2.727	2.727	2.727	0	1
7.5	0	2.727	2.727	2.727	0	1
7.52	0	2.727	2.727	2.727	0	1
7.54	0	2.727	2.727	2.727	0	1
7.56	0	2.727	2.727	2.727	0	1
7.58	0	2.727	2.727	2.727	0	1
7.6	0	2.727	2.727	2.727	0	1
7.62	0	2.727	2.727	2.727	0	1
7.64	0	2.727	2.727	2.727	0	1
7.66	0	2.727	2.727	2.727	0	1
7.68	0	2.727	2.727	2.727	0	1
7.7	0	2.727	2.727	2.727	0	1
7.72	0	2.727	2.727	2.727	0	1
7.74	0	2.727	2.727	2.727	0	1
7.76	0	2.727	2.727	2.727	0	1
7.78	0	2.727	2.727	2.727	0	1
7.8	0	2.727	2.727	2.727	0	1
7.82	0	2.727	2.727	2.727	0	1
7.84	0	2.727	2.727	2.727	0	1
7.86	0	2.727	2.727	2.727	0	1
7.88	0	2.727	2.727	2.727	0	1
7.9	0	2.727	2.727	2.727	0	1
7.92	0	2.727	2.727	2.727	0	1
7.94	0	2.727	2.727	2.727	0	1
7.96	0	2.727	2.727	2.727	0	1
7.98	0	2.727	2.727	2.727	0	1
8	0	2.727	2.727	2.727	0	1
8.02	0	2.727	2.727	2.727	0	1
8.04	0	2.727	2.727	2.727	0	1
8.06	0	2.727	2.727	2.727	0	1
8.08	0	2.727	2.727	2.727	0	1
8.1	0	2.727	2.727	2.727	0	1
8.12	0	2.727	2.727	2.727	0	1
8.14	0	2.727	2.727	2.727	0	1
8.16	0	2.727	2.727	2.727	0	1
8.18	0	2.727	2.727	2.727	0	1
8.2	0	2.727	2.727	2.727	0	1
8.22	0	2.727	2.727	2.727	0	1
8.24	0	2.727	2.727	2.727	0	1
8.26	0	2.727	2.727	2.727	0	1
8.28	0	2.727	2.727	2.727	0	1
8.3	0	2.727	2.727	2.727	0	1
8.32	0	2.727	2.727	2.727	0	1
8.34	0	2.727	2.727	2.727	0	1
8.36	0	2.727	2.727	2.727	0	1
8.38	0	2.727	2.727	2.727	0	1
8.4	0	2.727	2.727	2.727	0	1
8.42	0	2.727	2.727	2.727	0	1
8.44	0	2.727	2.727	2.727	0	1
8.46	0	2.727	2.727	2.727	0	1
8.48	0	2.727	2.727	2.727	0	1
8.5	0	2.727	2.727	2.727	0	1
8.52	0	2.727	2.727	2.727	0	1
8.54	0	2.727	2.727	2.727	0	1
8.56	0	2.727	2.727	2.727	0	1
8.58	0	2.727	2.727	2.727	0	1
8.6	0	2.727	2.727	2.727	0	1
8.62	0	2.727	2.727	2.727	0	1
8.64	0	2.727	2.727	2.727	0	1
8.66	0	2.727	2.727	2.727	0	1
8.68	0	2.727	2.727	2.727	0	1
8.7	0	2.727	2.727	2.727	0	1
8.72	0	2.727	2.727	2.727	0	1
8.74	0	2.727	2.727	2.727	0	1
8.76	0	2.727	2.727	2.727	0	1
8.78	0	2.727	2.727	2.727	0	1
8.8	0	2.727	2.727	2.727	0	1
8.82	0	2.727	2.727	2.727	0	1
8.84	0	2.727	2.727	2.727	0	1
8.86	0	2.727	2.727	2.727	0	1
8.88	0	2.727	2.727	2.727	0	1
8.9	0	2.727	2.727	2.727	0	1
8.92	0	2.727	2.727	2.727	0	1
8.94	0	2.727	2.727	2.727	0	1
8.96	0	2.727	2.727	2.727	0	1
8.98	0	2.727	2.727	2.727	0	1
9	0	2.727	2.727	2.727	0	1
9.02	0	2.727	2.727	2.727	0	1
9.04	0	2.727	2.727	2.727	0	1
9.06	0	2.727	2.727	2.727	0	1
9.08	0	2.727	2.727	2.727	0	1
9.1	0	2.727	2.727	2.727	0	1
9.12	0	2.727	2.727	2.727	0	1
9.14	0	2.727	2.727	2.727	0	1
9.16	0	2.727	2.727	2.727	0	1
9.18	0	2.727	2.727	2.727	0	1
9.2	0	2.727	2.727	2.727	0	1
9.22	0	2.727	2.727	2.727	0	1
9.24	0	2.727	2.727	2.727	0	1
9.26	0	2.727	2.727	2.727	0	1
9.28	0	2.727	2.727	2.727	0	1
9.3	0	2.727	2.727	2.727	0	1
9.32	0	2.727	2.727	2.727	0	1
9.34	0	2.727	2.727	2.727	0	1
9.36	0	2.727	2.727	2.727	0	1
9.38	0	2.727	2.727	2.727	0	1
9.4	0	2.727	2.727	2.727	0	1
9.42	0	2.727	2.727	2.727	0	1
9.44	0	2.727	2.727	2.727	0	1
9.46	0	2.727	2.727	2.727	0	1
9.48	0	2.727	2.727	2.727	0	1
9.5	0	2.727	2.727	2.727	0	1
9.52	0	2.727	2.727	2.727	0	1
9.54	0	2.727	2.727	2.727	0	1
9.56	0	2.727	2.727	2.727	0	1
9.58	0	2.727	2.727	2.727	0	1
9.6	0	2.727	2.727	2.727	0	1
9.62	0	2.727	2.727	2.727	0	1
9.64	0	2.727	2.727	2.727	0	1
9.66	0	2.727	2.727	2.727	0	1
9.68	0	2.727	2.727	2.727	0	1
9.7	0	2.727	2.727	2.727	0	1
9.72	0	2.727	2.727	2.727	0	1
9.74	0	2.727	2.727	2.727	0	1
9.76	0	2.727	2.727	2.727	0	1
9.78	0	2.727	2.727	2.727	0	1
9.8	0	2.727	2.727	2.727	0	1
9.82	0	2.727	2.727	2.727	0	1
9.84	0	2.727	2.727	2.727	0	1
9.86	0	2.727	2.727	2.727	0	1
9.88	0	2.727	2.727	2.727	0	1
9.9	0	2.727	2.727	2.727	0	1
9.92	0	2.727	2.727	2.727	0	1
9.94	0	2.727	2.727	2.727	0	1
9.96	0	2.727	2.727	2.727	0	1
9.98	0	2.727	2.727	2.727	0	1
10	0	2.727	2.727	2.727	0	1
10.02	0	2.727	2.727	2.727	0	1
10.04	0	2.727	2.727	2.727	0	1
10.06	0	2.727	2.727	2.727	0	1
10.08	0	2.727	2.727	2.727	0	1
10.1	0	2.727	2.727	2.727	0	1
10.12	0	2.727	2.727	2.727	0	1
10.14	0	2.727	2.727	2.727	0	1
10.16	0	2.727	2.727	2.727	0	1
10.18	0	2.727	2.727	2.727	0	1
10.2	0	2.727	2.727	2.727	0	1
10.22	0	2.727	2.727	2.727	0	1
10.24	0	2.727	2.727	2.727	0	1
10.26	0	2.727	2.727	2.727	0	1
10.28	0	2.727	2.727	2.727	0	1
10.3	0	2.727	2.727	2.727	0	1
10.32	0	2.727	2.727	2.727	0	1
10.34	0	2.727	2.727	2.727	0	1
10.36	0	2.727	2.727	2.727	0	1
10.38	0	2.727	2.727	2.727	0	1
10.4	0	2.727	2.727	2.727	0	1
10.42	0	2.727	2.727	2.727	0	1
10.44	0	2.727	2.727	2.727	0	1
10.46	0	2.727	2.727	2.727	0	1
10.48	0	2.727	2.727	2.727	0	1
10.5	0	2.727	2.727	2.727	0	1
10.52	0	2.727	2.727	2.727	0	1
10.54	0	2.727	2.727	2.727	0	1
10.56	0	2.727	2.727	2.727	0	1
10.58	0	2.727	2.727	2.727	0	1
10.6	0	2.727	2.727	2.727	0	1
10.62	0	2.727	2.727	2.727	0	1
10.64	0	2.727	2.727	2.727	0	1
10.66	0	2.727	2.727	2.727	0	1
10.68	0	2.727	2.727	2.727	0	1
10.7	0	2.727	2.727	2.727	0	1
10.72	0	2.727	2.727	2.727	0	1
10.74	0	2.727	2.727	2.727	0	1
10.76	0	2.727	2.727	2.727	0	1
10.78	0	2.727	2.727	2.727	0	1
10.8	0	2.727	2.727	2.727	0	1
10.82	0	2.727	2.727	2.727	0	1
10.84	0	2.727	2.727	2.727	0	1
10.86	0	2.727	2.727	2.727	0	1
10.88	0	2.727	2.727	2.727	0	1
10.9	0	2.727	2.727	2.727	0	1
10.92	0	2.727	2.727	2.727	0	1
10.94	0	2.727	2.727	2.727	0	1
10.96	0	2.727	2.727	2.727	0	1
10.98	0	2.727	2.727	2.727	0	1
11	0	2.727	2.727	2.727	0	1
11.02	0	2.727	2.727	2.727	0	1
11.04	0	2.727	2.727	2.727	0	1
11.06	0	2.727	2.727	2.727	0	1
11.08	0	2.727	2.727	2.727	0	1
11.1	0	2.727	2.727	2.727	0	1
11.12	0	2.727	2.727	2.727	0	1
11.14	0	2.727	2.727	2.727	0	1
11.16	0	2.727	2.727	2.727	0	1
11.18	0	2.727	2.727	2.727	0	1
11.2	0	2.727	2.727	2.727	0	1
11.22	0	2.727	2.727	2.727	0	1
11.24	0	2.727	2.727	2.727	0	1
11.26	0	2.727	2.727	2.727	0	1
11.28	0	2.727	2.727	2.727	0	1
11.3	0	2.727	2.727	2.727	0	1
11.32	0	2.727	2.727	2.727	0	1
11.34	0	2.727	2.727	2.727	0	1
11.36	0	2.727	2.727	2.727	0	1
11.38	0	2.727	2.727	2.727	0	1
11.4	0	2.727	2.727	2.727	0	1
11.42	0	2.727	2.727	2.727	0	1
11.44	0	2.727	2.727	2.727	0	1
11.46	0	2.727	2.727	2.727	0	1
11.48	0	2.727	2.727	2.727	0	1
11.5	0	2.727	2.727	2.727	0	1
11.52	0	2.727	2.727	2.727	0	1
11.54	0	2.727	2.727	2.727	0	1
11.56	0	2.727	2.727	2.727	0	1
11.58	0	2.727	2.727	2.727	0	1
11.6	0	2.727	2.727	2.727	0	1
11.62	0	2.727	2.727	2.727	0	1
11.64	0	2.727	2.727	2.727	0	1
11.66	0	2.727	2.727	2.727	0	1
11.68	0	2.727	2.727	2.727	0	1
11.7	0	2.727	2.727	2.727	0	1
11.72	0	2.727	2.727	2.727	0	1
11.74	0	2.727	2.727	2.727	0	1
11.76	0	2.727	2.727	2.727	0	1
11.78	0	2.727	2.727	2.727	0	1
11.8	0	2.727	2.727	2.727	0	1
11.82	0	2.727	2.727	2.727	0	1
11.84	0	2.727	2.727	2.727	0	1
11.86	0	2.727	2.727	2.727	0	1
11.88	0	2.727	2.727	2.727	0	1
11.9	0	2.727	2.727	2.727	0	1
11.92	0	2.727	2.727	2.727	0	1
11.94	0	2.727	2.727	2.727	0	1
11.96	0	2.727	2.727	2.727	0	1
11.98	0	2.727	2.727	2.727	0	1
12	0	2.727	2.727	2.727	0	1
12.02	0	2.727	2.727	2.727	0	1
12.04	0	2.727	2.727	2.727	0	1
12.06	0	2.727	2.727	2.727	0	1
12.08	0	2.727	2.727	2.727	0	1
12.1	0	2.727	2.727	2.727	0	1
12.12	0	2.727	2.727	2.727	0	1
12.14	0	2.727	2.727	2.727	0	1
12.16	0	2.727	2.727	2.727	0	1
12.18	0	2.727	2.727	2.727	0	1
12.2	0	2.727	2.727	2.727	0	1
12.22	0	2.727	2.727	2.727	0	1
12.24	0	2.727	2.727	2.727	0	1
12.26	0	2.727	2.727	2.727	0	1
12.28	0	2.727	2.727	2.727	0	1
12.3	0	2.727	2.727	2.727	0	1
12.32	0	2.727	2.727	2.727	0	1
12.34	0	2.727	2.727	2.727	0	1
12.36	0	2.727	2.727	2.727	0	1
12.38	0	2.727	2.727	2.727	0	1
12.4	0	2.727	2.727	2.727	0	1
12.42	0	2.727	2.727	2.727	0	1
12.44	0	2.727	2.727	2.727	0	1
12.46	0	2.727	2.727	2.727	0	1
12.48	0	2.727	2.727	2.727	0	1
12.5	0	2.727	2.727	2.727	0	1
12.52	0	2.727	2.727	2.727	0	1
12.54	0	2.727	2.727	2.727	0	1
12.56	0	2.727	2.727	2.727	0	1
12.58	0	2.727	2.727	2.727	0	1
12.6	0	2.727	2.727	2.727	0	1
12.62	0	2.727	2.727	2.727	0	1
12.64	0	2.727	2.727	2.727	0	1
12.66	0	2.727	2.727	2.727	0	1
12.68	0	2.727	2.727	2.727	0	1
12.7	0	2.727	2.727	2.727	0	1
12.72	0	2.727	2.727	2.727	0	1
12.74	0	2.727	2.727	2.727	0	1
12.76	0	2.727	2.727	2.727	0	1
12.78	0	2.727	2.727	2.727	0	1
12.8	0	2.727	2.727	2.727	0	1
12.82	0	2.727	2.727	2.727	0	1
12.84	0	2.727	2.727	2.727	0	1
12.86	0	2.727	2.727	2.727	0	1
12.88	0	2.727	2.727	2.727	0	1
12.9	0	2.727	2.727	2.727	0	1
12.92	0	2.727	2.727	2.727	0	1
12.94	0	2.727	2.727	2.727	0	1
12.96	0	2.727	2.727	2.727	0	1
12.98	0	2.727	2.727	2.727	0	1
13	0	2.727	2.727	2.727	0	1
13.02	0	2.727	2.727	2.727	0	1
13.04	0	2.727	2.727	2.727	0	1
13.06	0	2.727	2.727	2.727	0	1
13.08	0	2.727	2.727	2.727	0	1
13.1	0	2.727	2.727	2.727	0	1
13.12	0	2.727	2.727	2.727	0	1
13.14	0	2.727	2.727	2.727	0	1
13.16	0	2.727	2.727	2.727	0	1
13.18	0	2.727	2.727	2.727	0	1
13.2	0	2.727	2.727	2.727	0	1
13.22	0	2.727	2.727	2.727	0	1
13.24	0	2.727	2.727	2.727	0	1
13.26	0	2.727	2.727	2.727	0	1
13.28	0	2.727	2.727	2.727	0	1
13.3	0	2.727	2.727	2.727	0	1
13.32	0	2.727	2.727	2.727	0	1
13.34	0	2.727	2.727	2.727	0	1
13.36	0	2.727	2.727	2.727	0	1
13.38	0	2.727	2.727	2.727	0	1
13.4	0	2.727	2.727	2.727	0	1
13.42	0	2.727	2.727	2.727	0	1
13.44	0	2.727	2.727	2.727	0	1
13.46	0	2.727	2.727	2.727	0	1
13.48	0	2.727	2.727	2.727	0	1
13.5	0	2.727	2.727	2.727	0	1
13.52	0	2.727	2.727	2.727	0	1
13.54	0	2.727	2.727	2.727	0	1
13.56	0	2.727	2.727	2.727	0	1
13.58	0	2.727	2.727	2.727	0	1
13.6	0	2.727	2.727	2.727	0	1
13.62	0	2.727	2.727	2.727	0	1
13.64	0	2.727	2.727	2.727	0	1
13.66	0	2.727	2.727	2.727	0	1
13.68	0	2.727	2.727	2.727	0	1
13.7	0	2.727	2.727	2.727	0	1
13.72	0	2.727	2.727	2.727	0	1
13.74	0	2.727	2.727	2.727	0	1
13.76	0	2.727	2.727	2.727	0	1
13.78	0	2.727	2.727	2.727	0	1
13.8	0	2.727	2.727	2.727	0	1
13.82	0	2.727	2.727	2.727	0	1
13.84	0	2.727	2.727	2.727	0	1
13.86	0	2.727	2.727	2.727	0	1
13.88	0	2.727	2.727	2.727	0	1
13.9	0	2.727	2.727	2.727	0	1
13.92	0	2.727	2.727	2.727	0	1
13.94	0	2.727	2.727	2.727	0	1
13.96	0	2.727	2.727	2.727	0	1
13.98	0	2.727	2.727	2.727	0	1
14	0	2.727	2.727	2.727	0	1
14.02	0	2.727	2.727	2.727	0	1
14.04	0	2.727	2.727	2.727	0	1
14.06	0	2.727	2.727	2.727	0	1
14.08	0	2.727	2.727	2.727	0	1
14.1	0	2.727	2.727	2.727	0	1
14.12	0	2.727	2.727	2.727	0	1
14.14	0	2.727	2.727	2.727	0	1
14.16	0	2.727	2.727	2.727	0	1
14.18	0	2.727	2.727	2.727	0	1
14.2	0	2.727	2.727	2.727	0	1
14.22	0	2.727	2.727	2.727	0	1
14.24	0	2.727	2.727	2.727	0	1
14.26	0	2.727	2.727	2.727	0	1
14.28	0	2.727	2.727	2.727	0	1
14.3	0	2.727	2.727	2.727	0	1
14.32	0	2.727	2.727	2.727	0	1
14.34	0	2.727	2.727	2.727	0	1
14.36	0	2.727	2.727	2.727	0	1
14.38	0	2.727	2.727	2.727	0	1
14.4	0	2.727	2.727	2.727	0	1
14.42	0	2.727	2.727	2.727	0	1
14.44	0	2.727	2.727	2.727	0	1
14.46	0	2.727	2.727	2.727	0	1
14.48	0	2.727	2.727	2.727	0	1
14.5	0	2.727	2.727	2.727	0	1
14.52	0	2.727	2.727	2.727	0	1
14.54	0	2.727	2.727	2.727	0	1
14.56	0	2.727	2.727	2.727	0	1
14.58	0	2.727	2.727	2.727	0	1
14.6	0	2.727	2.727	2.727	0	1
14.62	0	2.727	2.727	2.727	0	1
14.64	0	2.727	2.727	2.727	0	1
14.66	0	2.727	2.727	2.727	0	1
14.68	0	2.727	2.727	2.727	0	1
14.7	0	2.727	2.727	2.727	0	1
14.72	0	2.727	2.727	2.727	0	1
14.74	0	2.727	2.727	2.727	0	1
14.76	0	2.727	2.727	2.727	0	1
14.78	0	2.727	2.727	2.727	0	1
14.8	0	2.727	2.727	2.727	0	1
14.82	0	2.727	2.727	2.727	0	1
14.84	0	2.727	2.727	2.727	0	1
14.86	0	2.727	2.727	2.727	0	1
14.88	0	2.727	2.727	2.727	0	1
14.9	0	2.727	2.727	2.727	0	1
14.92	0	2.727	2.727	2.727	0	1
14.94	0	2.727	2.727	2.727	0	1
14.96	0	2.727	2.727	2.727	0	1
14.98	0	2.727	2.727	2.727	0	1
15	0	2.727	2.727	2.727	0	1
15.02	0	2.727	2.727	2.727	0	1
15.04	0	2.727	2.727	2.727	0	1
15.06	0	2.727	2.727	2.727	0	1
15.08	0	2.727	2.727	2.727	0	1
15.1	0	2.727	2.727	2.727	0	1
15.12	0	2.727	2.727	2.727	0	1
15.14	0	2.727	2.727	2.727	0	1
15.16	0	2.727	2.727	2.727	0	1
15.18	0	2.727	2.727	2.727	0	1
15.2	0	2.727	2.727	2.727	0	1
15.22	0	2.727	2.727	2.727	0	1
15.24	0	2.727	2.727	2.727	0	1
15.26	0	2.727	2.727	2.727	0	1
15.28	0	2.727	2.727	2.727	0	1
15.3	0	2.727	2.727	2.727	0	1
15.32	0	2.727	2.727	2.727	0	1
15.34	0	2.727	2.727	2.727	0	1
15.36	0	2.727	2.727	2.727	0	1
15.38	0	2.727	2.727	2.727	0	1
15.4	0	2.727	2.727	2.727	0	1
15.42	0	2.727	2.727	2.727	0	1
15.44	0	2.727	2.727	2.727	0	1
15.46	0	2.727	2.727	2.727	0	1
15.48	0	2.727	2.727	2.727	0	1
15.5	0	2.727	2.727	2.727	0	1
15.52	0	2.727	2.727	2.727	0	1
15.54	0	2.727	2.727	2.727	0	1
15.56	0	2.727	2.727	2.727	0	1
15.58	0	2.727	2.727	2.727	0	1
15.6	0	2.727	2.727	2.727	0	1
15.62	0	2.727	2.727	2.727	0	1
15.64	0	2.727	2.727	2.727	0	1
15.66	0	2.727	2.727	2.727	0	1
15.68	0	2.727	2.727	2.727	0	1
15.7	0	2.727	2.727	2.727	0	1
15.72	0	2.727	2.727	2.727	0	1
15.74	0	2.727	2.727	2.727	0	1
15.76	0	2.727	2.727	2.727	0	1
15.78	0	2.727	2.727	2.727	0	1
15.8	0	2.727	2.727	2.727	0	1
15.82	0	2.727	2.727	2.727	0	1
15.84	0	2.727	2.727	2.727	0	1
15.86	0	2.727	2.727	2.727	0	1
15.88	0	2.727	2.727	2.727	0	1
15.9	0	2.727	2.727	2.727	0	1
15.92	0	2.727	2.727	2.727	0	1
15.94	0	2.727	2.727	2.727	0	1
15.96	0	2.727	2.727	2.727	0	1
15.98	0	2.727	2.727	2.727	0	1
16	0	2.727	2.727	2.727	0	1
16.02	0	2.727	2.727	2.727	0	1
16.04	0	2.727	2.727	2.727	0	1
16.06	0	2.727	2.727	2.727	0	1
16.08	0	2.727	2.727	2.727	0	1
16.1	0	2.727	2.727	2.727	0	1
16.12	0	2.727	2.727	2.727	0	1
16.14	0	2.727	2.727	2.727	0	1
16.16	0	2.727	2.727	2.727	0	1
16.18	0	2.727	2.727	2.727	0	1
16.2	0	2.727	2.727	2.727	0	1
16.22	0	2.727	2.727	2.727	0	1
16.24	0	2.727	2.727	2.727	0	1
16.26	0	2.727	2.727	2.727	0	1
16.28	0	2.727	2.727	2.727	0	1
16.3	0	2.727	2.727	2.727	0	1
16.32	0	2.727	2.727	2.727	0	1
16.34	0	2.727	2.727	2.727	0	1
16.36	0	2.727	2.727	2.727	0	1
16.38	0	2.727	2.727	2.727	0	1
16.4	0	2.727	2.727	2.727	0	1
16.42	0	2.727	2.727	2.727	0	1
16.44	0	2.727	2.727	2.727	0	1
16.46	0	2.727	2.727	2.727	0	1
16.48	0	2.727	2.727	2.727	0	1
16.5	0	2.727	2.727	2.727	0	1
16.52	0	2.727	2.727	2.727	0	1
16.54	0	2.727	2.727	2.727	0	1
16.56	0	2.727	2.727	2.727	0	1
16.58	0	2.727	2.727	2.727	0	1
16.6	0	2.727	2.727	2.727	0	1
16.62	0	2.727	2.727	2.727	0	1
16.64	0	2.727	2.727	2.727	0	1
16.66	0	2.727	2.727	2.727	0	1
16.68	0	2.727	2.727	2.727	0	1
16.7	0	2.727	2.727	2.727	0	1
16.72	0	2.727	2.727	2.727	0	1
16.74	0	2.727	2.727	2.727	0	1
16.76	0	2.727	2.727	2.727	0	1
16.78	0	2.727	2.727	2.727	0	1
16.8	0	2.727	2.727	2.727	0	1
16.82	0	2.727	2.727	2.727	0	1
16.84	0	2.727	2.727	2.727	0	1
16.86	0	2.727	2.727	2.727	0	1
16.88	0	2.727	2.727	2.727	0	1
16.9	0	2.727	2.727	2.727	0	1
16.92	0	2.727	2.727	2.727	0	1
16.94	0	2.727	2.727	2.727	0	1
16.96	0	2.727	2.727	2.727	0	1
16.98	0	2.727	2.727	2.727	0	1
17	0	2.727	2.727	2.727	0	1
17.02	0	2.727	2.727	2.727	0	1
17.04	0	2.727	2.727	2.727	0	1
17.06	0	2.727	2.727	2.727	0	1
17.08	0	2.727	2.727	2.727	0	1
17.1	0	2.727	2.727	2.727	0	1
17.12	0	2.727	2.727	2.727	0	1
17.14	0	2.727	2.727	2.727	0	1
17.16	0	2.727	2.727	2.727	0	1
17.18	0	2.727	2.727	2.727	0	1
17.2	0	2.727	2.727	2.727	0	1
17.22	0	2.727	2.727	2.727	0	1
17.24	0	2.727	2.727	2.727	0	1
17.26	0	2.727	2.727	2.727	0	1
17.28	0	2.727	2.727	2.727	0	1
17.3	0	2.727	2.727	2.727	0	1
17.32	0	2.727	2.727	2.727	0	1
17.34	0	2.727	2.727	2.727	0	1
17.36	0	2.727	2.727	2.727	0	1
17.38	0	2.727	2.727	2.727	0	1
17.4	0	2.727	2.727	2.727	0	1
17.42	0	2.727	2.727	2.727	0	1
17.44	0	2.727	2.727	2.727	0	1
17.46	0	2.727	2.727	2.727	0	1
17.48	0	2.727	2.727	2.727	0	1
17.5	0	2.727	2.727	2.727	0	1
17.52	0	2.727	2.727	2.727	0	1
17.54	0	2.727	2.727	2.727	0	1
17.56	0	2.727	2.727	2.727	0	1
17.58	0	2.727	2.727	2.727	0	1
17.6	0	2.727	2.727	2.727	0	1
17.62	0	2.727	2.727	2.727	0	1
17.64	0	2.727	2.727	2.727	0	1
17.66	0	2.727	2.727	2.727	0	1
17.68	0	2.727	2.727	2.727	0	1
17.7	0	2.727	2.727	2.727	0	1
17.72	0	2.727	2.727	2.727	0	1
17.74	0	2.727	2.727	2.727	0	1
17.76	0	2.727	2.727	2.727	0	1
17.78	0	2.727	2.727	2.727	0	1
17.8	0	2.727	2.727	2.727	0	1
17.82	0	2.727	2.727	2.727	0	1
17.84	0	2.727	2.727	2.727	0	1
17.86	0	2.727	2.727	2.727	0	1
17.88	0	2.727	2.727	2.727	0	1
17.9	0	2.727	2.727	2.727	0	1
17.92	0	2.727	2.727	2.727	0	1
17.94	0	2.727	2.727	2.727	0	1
17.96	0	2.727	2.727	2.727	0	1
17.98	0	2.727	2.727	2.727	0	1
18	0	2.727	2.727	2.727	0	1
18.02	0	2.727	2.727	2.727	0	1
18.04	0	2.727	2.727	2.727	0	1
18.06	0	2.727	2.727	2.727	0	1
18.08	0	2.727	2.727	2.727	0	1
18.1	0	2.727	2.727	2.727	0	1
18.12	0	2.727	2.727	2.727	0	1
18.14	0	2.727	2.727	2.727	0	1
18.16	0	2.727	2.727	2.727	0	1
18.18	0	2.727	2.727	2.727	0	1
18.2	0	2.727	2.727	2.727	0	1
18.22	0	2.727	2.727	2.727	0	1
18.24	0	2.727	2.727	2.727	0	1
18.26	0	2.727	2.727	2.727	0	1
18.28	0	2.727	2.727	2.727	0	1
18.3	0	2.727	2.727	2.727	0	1
18.32	0	2.727	2.727	2.727	0	1
18.34	0	2.727	2.727	2.727	0	1
18.36	0	2.727	2.727	2.727	0	1
18.38	0	2.727	2.727	2.727	0	1
18.4	0	2.727	2.727	2.727	0	1
18.42	0	2.727	2.727	2.727	0	1
18.44	0	2.727	2.727	2.727	0	1
18.46	0	2.727	2.727	2.727	0	1
18.48	0	2.727	2.727	2.727	0	1
18.5	0	2.727	2.727	2.727	0	1
18.52	0	2.727	2.727	2.727	0	1
18.54	0	2.727	2.727	2.727	0	1
18.56	0	2.727	2.727	2.727	0	1
18.58	0	2.727	2.727	2.727	0	1
18.6	0	2.727	2.727	2.727	0	1
18.62	0	2.727	2.727	2.727	0	1
18.64	0	2.727	2.727	2.727	0	1
18.66	0	2.727	2.727	2.727	0	1
18.68	0	2.727	2.727	2.727	0	1
18.7	0	2.727	2.727	2.727	0	1
18.72	0	2.727	2.727	2.727	0	1
18.74	0	2.727	2.727	2.727	0	1
18.76	0	2.727	2.727	2.727	0	1
18.78	0	2.727	2.727	2.727	0	1
18.8	0	2.727	2.727	2.727	0	1
18.82	0	2.727	2.727	2.727	0	1
18.84	0	2.727	2.727	2.727	0	1
18.86	0	2.727	2.727	2.727	0	1
18.88	0	2.727	2.727	2.727	0	1
18.9	0	2.727	2.727	2.727	0	1
18.92	0	2.727	2.727	2.727	0	1
18.94	0	2.727	2.727	2.727	0	1
18.96	0	2.727	2.727	2.727	0	1
18.98	0	2.727	2.727	2.727	0	1
19	0	2.727	2.727	2.727	0	1
19.02	0	2.727	2.727	2.727	0	1
19.04	0	2.727	2.727	2.727	0	1
19.06	0	2.727	2.727	2.727	0	1
19.08	0	2.727	2.727	2.727	0	1
19.1	0	2.727	2.727	2.727	0	1
19.12	0	2.727	2.727	2.727	0	1
19.14	0	2.727	2.727	2.727	0	1
19.16	0	2.727	2.727	2.727	0	1
19.18	0	2.727	2.727	2.727	0	1
19.2	0	2.727	2.727	2.727	0	1
19.22	0	2.727	2.727	2.727	0	1
19.24	0	2.727	2.727	2.727	0	1
19.26	0	2.727	2.727	2.727	0	1
19.28	0	2.727	2.727	2.727	0	1
19.3	0	2.727	2.727	2.727	0	1
19.32	0	2.727	2.727	2.727	0	1
19.34	0	2.727	2.727	2.727	0	1
19.36	0	2.727	2.727	2.727	0	1
19.38	0	2.727	2.727	2.727	0	1
19.4	0	2.727	2.727	2.727	0	1
19.42	0	2.727	2.727	2.727	0	1
19.44	0	2.727	2.727	2.727	0	1
19.46	0	2.727	2.727	2.727	0	1
19.48	0	2.727	2.727	2.727	0	1
19.5	0	2.727	2.727	2.727	0	1
19.52	0	2.727	2.727	2.727	0	1
19.54	0	2.727	2.727	2.727	0	1
19.56	0	2.727	2.727	2.727	0	1
19.58	0	2.727	2.727	2.727	0	1
19.6	0	2.727	2.727	2.727	0	1
19.62	0	2.727	2.727	2.727	0	1
19.64	0	2.727	2.727	2.727	0	1
19.66	0	2.727	2.727	2.727	0	1
19.68	0	2.727	2.727	2.727	0	1
19.7	0	2.727	2.727	2.727	0	1
19.72	0	2.727	2.727	2.727	0	1
19.74	0	2.727	2.727	2.727	0	1
19.76	0	2.727	2.727	2.727	0	1
19.78	0	2.727	2.727	2.727	0	1
19.8	0	2.727	2.727	2.727	0	1
19.82	0	2.727	2.727	2.727	0	1
19.84	0	2.727	2.727	2.727	0	1
19.86	0	2.727	2.727	2.727	0	1
19.88	0	2.727	2.727	2.727	0	1
19.9	0	2.727	2.727	2.727	0	1
19.92	0	2.727	2.727	2.727	0	1
19.94	0	2.727	2.727	2.727	0	1
19.96	0	2.727	2.727	2.727	0	1
19.98	0	2.727	2.727	2.727	0	1
20	0	2.727	2.727	2.727	0	1
20.02	0	2.727	2.727	2.727	0	1
20.04	0	2.727	2.727	2.727	0	1
20.06	0	2.727	2.727	2.727	0	1
20.08	0	2.727	2.727	2.727	0	1
20.1	0	2.727	2.727	2.727	0	1
20.12	0	2.727	2.727	2.727	0	1
20.14	0	2.727	2.727	2.727	0	1
20.16	0	2.727	2.727	2.727	0	1
20.18	0	2.727	2.727	2.727	0	1
20.2	0	2.727	2.727	2.727	0	1
20.22	0	2.727	2.727	2.727	0	1
20.24	0	2.727	2.727	2.727	0	1
20.26	0	2.727	2.727	2.727	0	1
20.28	0	2.727	2.727	2.727	0	1
20.3	0	2.727	2.727	2.727	0	1
20.32	0	2.727	2.727	2.727	0	1
20.34	0	2.727	2.727	2.727	0	1
20.36	0	2.727	2.727	2.727	0	1
20.38	0	2.727	2.727	2.727	0	1
20.4	0	2.727	2.727	2.727	0	1
20.42	0	2.727	2.727	2.727	0	1
20.44	0	2.727	2.727	2.727	0	1
20.46	0	2.727	2.727	2.727	0	1
20.48	0	2.727	2.727	2.727	0	1
20.5	0	2.727	2.727	2.727	0	1
20.52	0	2.727	2.727	2.727	0	1
20.54	0	2.727	2.727	2.727	0	1
20.56	0	2.727	2.727	2.727	0	1
20.58	0	2.727	2.727	2.727	0	1
20.6	0	2.727	2.727	2.727	0	1
20.62	0	2.727	2.727	2.727	0	1
20.64	0	2.727	2.727	2.727	0	1
20.66	0	2.727	2.727	2.727	0	1
20.68	0	2.727	2.727	2.727	0	1
20.7	0	2.727	2.727	2.727	0	1
20.72	0	2.727	2.727	2.727	0	1
20.74	0	2.727	2.727	2.727	0	1
20.76	0	2.727	2.727	2.727	0	1
20.78	0	2.727	2.727	2.727	0	1
20.8	0	2.727	2.727	2.727	0	1
20.82	0	2.727	2.727	2.727	0	1
20.84	0	2.727	2.727	2.727	0	1
20.86	0	2.727	2.727	2.727	0	1
20.88	0	2.727	2.727	2.727	0	1
20.9	0	2.727	2.727	2.727	0	1
20.92	0	2.727	2.727	2.727	0	1
20.94	0	2.727	2.727	2.727	0	1
20.96	0	2.727	2.727	2.727	0	1
20.98	0	2.727	2.727	2.727	0	1
21	0	2.727	2.727	2.727	0	1
21.02	0	2.727	2.727	2.727	0	1
21.04	0	2.727	2.727	2.727	0	1
21.06	0	2.727	2.727	2.727	0	1
21.08	0	2.727	2.727	2.727	0	1
21.1	0	2.727	2.727	2.727	0	1
21.12	0	2.727	2.727	2.727	0	1
21.14	0	2.727	2.727	2.727	0	1
21.16	0	2.727	2.727	2.727	0	1
21.18	0	2.727	2.727	2.727	0	1
21.2	0	2.727	2.727	2.727	0	1
21.22	0	2.727	2.727	2.727	0	1
21.24	0	2.727	2.727	2.727	0	1
21.26	0	2.727	2.727	2.727	0	1
21.28	0	2.727	2.727	2.727	0	1
21.3	0	2.727	2.727	2.727	0	1
21.32	0	2.727	2.727	2.727	0	1
21.34	0	2.727	2.727	2.727	0	1
21.36	0	2.727	2.727	2.727	0	1
21.38	0	2.727	2.727	2.727	0	1
21.4	0	2.727	2.727	2.727	0	1
21.42	0	2.727	2.727	2.727	0	1
21.44	0	2.727	2.727	2.727	0	1
21.46	0	2.727	2.727	2.727	0	1
21.48	0	2.727	2.727	2.727	0	1
21.5	0	2.727	2.727	2.727	0	1
21.52	0	2.727	2.727	2.727	0	1
21.54	0	2.727	2.727	2.727	0	1
21.56	0	2.727	2.727	2.727	0	1
21.58	0	2.727	2.727	2.727	0	1
21.6	0	2.727	2.727	2.727	0	1
21.62	0	2.727	2.727	2.727	0	1
21.64	0	2.727	2.727	2.727	0	1
21.66	0	2.727	2.727	2.727	0	1
21.68	0	2.727	2.727	2.727	0	1
21.7	0	2.727	2.727	2.727	0	1
21.72	0	2.727	2.727	2.727	0	1
21.74	0	2.727	2.727	2.727	0	1
21.76	0	2.727	2.727	2.727	0	1
21.78	0	2.727	2.727	2.727	0	1
21.8	0	2.727	2.727	2.727	0	1
21.82	0	2.727	2.727	2.727	0	1
21.84	0	2.727	2.727	2.727	0	1
21.86	0	2.727	2.727	2.727	0	1
21.88	0	2.727	2.727	2.727	0	1
21.9	0	2.727	2.727	2.727	0	1
21.92	0	2.727	2.727	2.727	0	1
21.94	0	2.727	2.727	2.727	0	1
21.96	0	2.727	2.727	2.727	0	1
21.98	0	2.727	2.727	2.727	0	1
22	0	2.727	2.727	2.727	0	1
22.02	0	2.727	2.727	2.727	0	1
22.04	0	2.727	2.727	2.727	0	1
22.06	0	2.727	2.727	2.727	0	1
22.08	0	2.727	2.727	2.727	0	1
22.1	0	2.727	2.727	2.727	0	1
22.12	0	2.727	2.727	2.727	0	1
22.14	0	2.727	2.727	2.727	0	1
22.16	0	2.727	2.727	2.727	0	1
22.18	0	2.727	2.727	2.727	0	1
22.2	0	2.727	2.727	2.727	0	1
22.22	0	2.727	2.727	2.727	0	1
22.24	0	2.727	2.727	2.727	0	1
22.26	0	2.727	2.727	2.727	0	1
22.28	0	2.727	2.727	2.727	0	1
22.3	0	2.727	2.727	2.727	0	1
22.32	0	2.727	2.727	2.727	0	1
22.34	0	2.727	2.727	2.727	0	1
22.36	0	2.727	2.727	2.727	0	1
22.38	0	2.727	2.727	2.727	0	1
22.4	0	2.727	2.727	2.727	0	1
22.42	0	2.727	2.727	2.727	0	1
22.44	0	2.727	2.727	2.727	0	1
22.46	0	2.727	2.727	2.727	0	1
22.48	0	2.727	2.727	2.727	0	1
22.5	0	2.727	2.727	2.727	0	1
22.52	0	2.727	2.727	2.727	0	1
22.54	0	2.727	2.727	2.727	0	1
22.56	0	2.727	2.727	2.727	0	1
22.58	0	2.727	2.727	2.727	0	1
22.6	0	2.727	2.727	2.727	0	1
22.62	0	2.727	2.727	2.727	0	1
22.64	0	2.727	2.727	2.727	0	1
22.66	0	2.727	2.727	2.727	0	1
22.68	0	2.727	2.727	2.727	0	1
22.7	0	2.727	2.727	2.727	0	1
22.72	0	2.727	2.727	2.727	0	1
22.74	0	2.727	2.727	2.727	0	1
22.76	0	2.727	2.727	2.727	0	1
22.78	0	2.727	2.727	2.727	0	1
22.8	0	2.727	2.727	2.727	0	1
22.82	0	2.727	2.727	2.727	0	1
22.84	0	2.727	2.727	2.727	0	1
22.86	0	2.727	2.727	2.727	0	1
22.88	0	2.727	2.727	2.727	0	1
22.9	0	2.727	2.727	2.727	0	1
22.92	0	2.727	2.727	2.727	0	1
22.94	0	2.727	2.727	2.727	0	1
22.96	0	2.727	2.727	2.727	0	1
22.98	0	2.727	2.727	2.727	0	1
23	0	2.727	2.727	2.727	0	1
23.02	0	2.727	2.727	2.727	0	1
23.04	0	2.727	2.727	2.727	0	1
23.06	0	2.727	2.727	2.727	0	1
23.08	0	2.727	2.727	2.727	0	1
23.1	0	2.727	2.727	2.727	0	1
23.12	0	2.727	2.727	2.727	0	1
23.14	0	2.727	2.727	2.727	0	1
23.16	0	2.727	2.727	2.727	0	1
23.18	0	2.727	2.727	2.727	0	1
23.2	0	2.727	2.727	2.727	0	1
23.22	0	2.727	2.727	2.727	0	1
23.24	0	2.727	2.727	2.727	0	1
23.26	0	2.727	2.727	2.727	0	1
23.28	0	2.727	2.727	2.727	0	1
23.3	0	2.727	2.727	2.727	0	1
23.32	0	2.727	2.727	2.727	0	1
23.34	0	2.727	2.727	2.727	0	1
23.36	0	2.727	2.727	2.727	0	1
23.38	0	2.727	2.727	2.727	0	1
23.4	0	2.727	2.727	2.727	0	1
23.42	0	2.727	2.727	2.727	0	1
23.44	0	2.727	2.727	2.727	0	1
23.46	0	2.727	2.727	2.727	0	1
23.48	0	2.727	2.727	2.727	0	1
23.5	0	2.727	2.727	2.727	0	1
23.52	0	2.727	2.727	2.727	0	1
23.54	0	2.727	2.727	2.727	0	1
23.56	0	2.727	2.727	2.727	0	1
23.58	0	2.727	2.727	2.727	0	1
23.6	0	2.727	2.727	2.727	0	1
23.62	0	2.727	2.727	2.727	0	1
23.64	0	2.727	2.727	2.727	0	1
23.66	0	2.727	2.727	2.727	0	1
23.68	0	2.727	2.727	2.727	0	1
23.7	0	2.727	2.727	2.727	0	1
23.72	0	2.727	2.727	2.727	0	1
23.74	0	2.727	2.727	2.727	0	1
23.76	0	2.727	2.727	2.727	0	1
23.78	0	2.727	2.727	2.727	0	1
23.8	0	2.727	2.727	2.727	0	1
23.82	0	2.727	2.727	2.727	0	1
23.84	0	2.727	2.727	2.727	0	1
23.86	0	2.727	2.727	2.727	0	1
23.88	0	2.727	2.727	2.727	0	1
23.9	0	2.727	2.727	2.727	0	1
23.92	0	2.727	2.727	2.727	0	1
23.94	0	2.727	2.727	2.727	0	1
23.96	0	2.727	2.727	2.727	0	1
23.98	0	2.727	2.727	2.727	0	1
24	0	2.727	2.727	2.727	0	1
24.02	0	2.727	2.727	2.727	0	1
24.04	0	2.727	2.727	2.727	0	1
24.06	0	2.727	2.727	2.727	0	1
24.08	0	2.727	2.727	2.727	0	1
24.1	0	2.727	2.727	2.727	0	1
24.12	0	2.727	2.727	2.727	0	1
24.14	0	2.727	2.727	2.727	0	1
24.16	0	2.727	2.727	2.727	0	1
24.18	0	2.727	2.727	2.727	0	1
24.2	0	2.727	2.727	2.727	0	1
24.22	0	2.727	2.727	2.727	0	1
24.24	0	2.727	2.727	2.727	0	1
24.26	0	2.727	2.727	2.727	0	1
24.28	0	2.727	2.727	2.727	0	1
24.3	0	2.727	2.727	2.727	0	1
24.32	0	2.727	2.727	2.727	0	1
24.34	0	2.727	2.727	2.727	0	1
24.36	0	2.727	2.727	2.727	0	1
24.38	0	2.727	2.727	2.727	0	1
24.4	0	2.727	2.727	2.727	0	1
24.42	0	2.727	2.727	2.727	0	1
24.44	0	2.727	2.727	2.727	0	1
24.46	0	2.727	2.727	2.727	0	1
24.48	0	2.727	2.727	2.727	0	1
24.5	0	2.727	2.727	2.727	0	1
24.52	0	2.727	2.727	2.727	0	1
24.54	0	2.727	2.727	2.727	0	1
24.56	0	2.727	2.727	2.727	0	1
24.58	0	2.727	2.727	2.727	0	1
24.6	0	2.727	2.727	2.727	0	1
24.62	0	2.727	2.727	2.727	0	1
24.64	0	2.727	2.727	2.727	0	1
24.66	0	2.727	2.727	2.727	0	1
24.68	0	2.727	2.727	2.727	0	1
24.7	0	2.727	2.727	2.727	0	1
24.72	0	2.727	2.727	2.727	0	1
24.74	0	2.727	2.727	2.727	0	1
24.76	0	2.727	2.727	2.727	0	1
24.78	0	2.727	2.727	2.727	0	1
24.8	0	2.727	2.727	2.727	0	1
24.82	0	2.727	2.727	2.727	0	1
24.84	0	2.727	2.727	2.727	0	1
24.86	0	2.727	2.727	2.727	0	1
24.88	0	2.727	2.727	2.727	0	1
24.9	0	2.727	2.727	2.727	0	1
24.92	0	2.727	2.727	2.727	0	1
24.94	0	2.727	2.727	2.727	0	1
24.96	0	2.727	2.727	2.727	0	1
24.98	0	2.727	2.727	2.727	0	1
25	0	2.727	2.727	2.727	0	1
25.02	0	2.727	2.727	2.727	0	1
25.04	0	2.727	2.727	2.727	0	1
25.06	0	2.727	2.727	2.727	0	1
25.08	0	2.727	2.727	2.727	0	1
25.1	0	2.727	2.727	2.727	0	1
25.12	0	2.727	2.727	2.727	0	1
25.14	0	2.727	2.727	2.727	0	1
25.16	0	2.727	2.727	2.727	0	1
25.18	0	2.727	2.727	2.727	0	1
25.2	0	2.727	2.727	2.727	0	1
25.22	0	2.727	2.727	2.727	0	1
25.24	0	2.727	2.727	2.727	0	1
25.26	0	2.727	2.727	2.727	0	1
25.28	0	2.727	2.727	2.727	0	1
25.3	0	2.727	2.727	2.727	0	1
25.32	0	2.727	2.727	2.727	0	1
25.34	0	2.727	2.727	2.727	0	1
25.36	0	2.727	2.727	2.727	0	1
25.38	0	2.727	2.727	2.727	0	1
25.4	0	2.727	2.727	2.727	0	1
25.42	0	2.727	2.727	2.727	0	1
25.44	0	2.727	2.727	2.727	0	1
25.46	0	2.727	2.727	2.727	0	1
25.48	0	2.727	2.727	2.727	0	1
25.5	0	2.727	2.727	2.727	0	1
25.52	0	2.727	2.727	2.727	0	1
25.54	0	2.727	2.727	2.727	0	1
25.56	0	2.727	2.727	2.727	0	1
25.58	0	2.727	2.727	2.727	0	1
25.6	0	2.727	2.727	2.727	0	1
25.62	0	2.727	2.727	2.727	0	1
25.64	0	2.727	2.727	2.727	0	1
25.66	0	2.727	2.727	2.727	0	1
25.68	0	2.727	2.727	2.727	0	1
25.7	0	2.727	2.727	2.727	0	1
25.72	0	2.727	2.727	2.727	0	1
25.74	0	2.727	2.727	2.727	0	1
25.76	0	2.727	2.727	2.727	0	1
25.78	0	2.727	2.727	2.727	0	1
25.8	0	2.727	2.727	2.727	0	1
25.82	0	2.727	2.727	2.727	0	1
25.84	0	2.727	2.727	2.727	0	1
25.86	0	2.727	2.727	2.727	0	1
25.88	0	2.727	2.727	2.727	0	1
25.9	0	2.727	2.727	2.727	0	1
25.92	0	2.727	2.727	2.727	0	1
25.94	0	2.727	2.727	2.727	0	1
25.96	0	2.727	2.727	2.727	0	1
25.98	0	2.727	2.727	2.727	0	1
26	0	2.727	2.727	2.727	0	1
26.02	0	2.727	2.727	2.727	0	1
26.04	0	2.727	2.727	2.727	0	1
26.06	0	2.727	2.727	2.727	0	1
26.08	0	2.727	2.727	2.727	0	1
26.1	0	2.727	2.727	2.727	0	1
26.12	0	2.727	2.727	2.727	0	1
26.14	0	2.727	2.727	2.727	0	1
26.16	0	2.727	2.727	2.727	0	1
26.18	0	2.727	2.727	2.727	0	1
26.2	0	2.727	2.727	2.727	0	1
26.22	0	2.727	2.727	2.727	0	1
26.24	0	2.727	2.727	2.727	0	1
26.26	0	2.727	2.727	2.727	0	1
26.28	0	2.727	2.727	2.727	0	1
26.3	0	2.727	2.727	2.727	0	1
26.32	0	2.727	2.727	2.727	0	1
26.34	0	2.727	2.727	2.727	0	1
26.36	0	2.727	2.727	2.727	0	1
26.38	0	2.727	2.727	2.727	0	1
26.4	0	2.727	2.727	2.727	0	1
26.42	0	2.727	2.727	2.727	0	1
26.44	0	2.727	2.727	2.727	0	1
26.46	0	2.727	2.727	2.727	0	1
26.48	0	2.727	2.727	2.727	0	1
26.5	0	2.727	2.727	2.727	0	1
26.52	0	2.727	2.727	2.727	0	1
26.54	0	2.727	2.727	2.727	0	1
26.56	0	2.727	2.727	2.727	0	1
26.58	0	2.727	2.727	2.727	0	1
26.6	0	2.727	2.727	2.727	0	1
26.62	0	2.727	2.727	2.727	0	1
26.64	0	2.727	2.727	2.727	0	1
26.66	0	2.727	2.727	2.727	0	1
26.68	0	2.727	2.727	2.727	0	1
26.7	0	2.727	2.727	2.727	0	1
26.72	0	2.727	2.727	2.727	0	1
26.74	0	2.727	2.727	2.727	0	1
26.76	0	2.727	2.727	2.727	0	1
26.78	0	2.727	2.727	2.727	0	1
26.8	0	2.727	2.727	2.727	0	1
26.82	0	2.727	2.727	2.727	0	1
26.84	0	2.727	2.727	2.727	0	1
26.86	0	2.727	2.727	2.727	0	1
26.88	0	2.727	2.727	2.727	0	1
26.9	0	2.727	2.727	2.727	0	1
26.92	0	2.727	2.727	2.727	0	1
26.94	0	2.727	2.727	2.727	0	1
26.96	0	2.727	2.727	2.727	0	1
26.98	0	2.727	2.727	2.727	0	1
27	0	2.727	2.727	2.727	0	1
27.02	0	2.727	2.727	2.727	0	1
27.04	0	2.727	2.727	2.727	0	1
27.06	0	2.727	2.727	2.727	0	1
27.08	0	2.727	2.727	2.727	0	1
27.1	0	2.727	2.727	2.727	0	1
27.12	0	2.727	2.727	2.727	0	1
27.14	0	2.727	2.727	2.727	0	1
27.16	0	2.727	2.727	2.727	0	1
27.18	0	2.727	2.727	2.727	0	1
27.2	0	2.727	2.727	2.727	0	1
27.22	0	2.727	2.727	2.727	0	1
27.24	0	2.727	2.727	2.727	0	1
27.26	0	2.727	2.727	2.727	0	1
27.28	0	2.727	2.727	2.727	0	1
27.3	0	2.727	2.727	2.727	0	1
27.32	0	2.727	2.727	2.727	0	1
27.34	0	2.727	2.727	2.727	0	1
27.36	0	2.727	2.727	2.727	0	1
27.38	0	2.727	2.727	2.727	0	1
27.4	0	2.727	2.727	2.727	0	1
27.42	0	2.727	2.727	2.727	0	1
27.44	0	2.727	2.727	2.727	0	1
27.46	0	2.727	2.727	2.727	0	1
27.48	0	2.727	2.727	2.727	0	1
27.5	0	2.727	2.727	2.727	0	1
27.52	0	2.727	2.727	2.727	0	1
27.54	0	2.727	2.727	2.727	0	1
27.56	0	2.727	2.727	2.727	0	1
27.58	0	2.727	2.727	2.727	0	1
27.6	0	2.727	2.727	2.727	0	1
27.62	0	2.727	2.727	2.727	0	1
27.64	0	2.727	2.727	2.727	0	1
27.66	0	2.727	2.727	2.727	0	1
27.68	0	2.727	2.727	2.727	0	1
27.7	0	2.727	2.727	2.727	0	1
27.72	0	2.727	2.727	2.727	0	1
27.74	0	2.727	2.727	2.727	0	1
27.76	0	2.727	2.727	2.727	0	1
27.78	0	2.727	2.727	2.727	0	1
27.8	0	2.727	2.727	2.727	0	1
27.82	0	2.727	2.727	2.727	0	1
27.84	0	2.727	2.727	2.727	0	1
27.86	0	2.727	2.727	2.727	0	1
27.88	0	2.727	2.727	2.727	0	1
27.9	0	2.727	2.727	2.727	0	1
27.92	0	2.727	2.727	2.727	0	1
27.94	0	2.727	2.727	2.727	0	1
27.96	0	2.727	2.727	2.727	0	1
27.98	0	2.727	2.727	2.727	0	1
28	0	2.727	2.727	2.727	0	1
28.02	0	2.727	2.727	2.727	0	1
28.04	0	2.727	2.727	2.727	0	1
28.06	0	2.727	2.727	2.727	0	1
28.08	0	2.727	2.727	2.727	0	1
28.1	0	2.727	2.727	2.727	0	1
28.12	0	2.727	2.727	2.727	0	1
28.14	0	2.727	2.727	2.727	0	1
28.16	0	2.727	2.727	2.727	0	1
28.18	0	2.727	2.727	2.727	0	1
28.2	0	2.727	2.727	2.727	0	1
28.22	0	2.727	2.727	2.727	0	1
28.24	0	2.727	2.727	2.727	0	1
28.26	0	2.727	2.727	2.727	0	1
28.28	0	2.727	2.727	2.727	0	1
28.3	0	2.727	2.727	2.727	0	1
28.32	0	2.727	2.727	2.727	0	1
28.34	0	2.727	2.727	2.727	0	1
28.36	0	2.727	2.727	2.727	0	1
28.38	0	2.727	2.727	2.727	0	1
28.4	0	2.727	2.727	2.727	0	1
28.42	0	2.727	2.727	2.727	0	1
28.44	0	2.727	2.727	2.727	0	1
28.46	0	2.727	2.727	2.727	0	1
28.48	0	2.727	2.727	2.727	0	1
28.5	0	2.727	2.727	2.727	0	1
28.52	0	2.727	2.727	2.727	0	1
28.54	0	2.727	2.727	2.727	0	1
28.56	0	2.727	2.727	2.727	0	1
28.58	0	2.727	2.727	2.727	0	1
28.6	0	2.727	2.727	2.727	0	1
28.62	0	2.727	2.727	2.727	0	1
28.64	0	2.727	2.727	2.727	0	1
28.66	0	2.727	2.727	2.727	0	1
28.68	0	2.727	2.727	2.727	0	1
28.7	0	2.727	2.727	2.727	0	1
28.72	0	2.727	2.727	2.727	0	1
28.74	0	2.727	2.727	2.727	0	1
28.76	0	2.727	2.727	2.727	0	1
28.78	0	2.727	2.727	2.727	0	1
28.8	0	2.727	2.727	2.727	0	1
28.82	0	2.727	2.727	2.727	0	1
28.84	0	2.727	2.727	2.727	0	1
28.86	0	2.727	2.727	2.727	0	1
28.88	0	2.727	2.727	2.727	0	1
28.9	0	2.727	2.727	2.727	0	1
28.92	0	2.727	2.727	2.727	0	1
28.94	0	2.727	2.727	2.727	0	1
28.96	0	2.727	2.727	2.727	0	1
28.98	0	2.727	2.727	2.727	0	1
29	0	2.727	2.727	2.727	0	1
29.02	0	2.727	2.727	2.727	0	1
29.04	0	2.727	2.727	2.727	0	1
29.06	0	2.727	2.727	2.727	0	1
29.08	0	2.727	2.727	2.727	0	1
29.1	0	2.727	2.727	2.727	0	1
29.12	0	2.727	2.727	2.727	0	1
29.14	0	2.727	2.727	2.727	0	1
29.16	0	2.727	2.727	2.727	0	1
29.18	0	2.727	2.727	2.727	0	1
29.2	0	2.727	2.727	2.727	0	1
29.22	0	2.727	2.727	2.727	0	1
29.24	0	2.727	2.727	2.727	0	1
29.26	0	2.727	2.727	2.727	0	1
29.28	0	2.727	2.727	2.727	0	1
29.3	0	2.727	2.727	2.727	0	1
29.32	0	2.727	2.727	2.727	0	1
29.34	0	2.727	2.727	2.727	0	1
29.36	0	2.727	2.727	2.727	0	1
29.38	0	2.727	2.727	2.727	0	1
29.4	0	2.727	2.727	2.727	0	1
29.42	0	2.727	2.727	2.727	0	1
29.44	0	2.727	2.727	2.727	0	1
29.46	0	2.727	2.727	2.727	0	1
29.48	0	2.727	2.727	2.727	0	1
29.5	0	2.727	2.727	2.727	0	1
29.52	0	2.727	2.727	2.727	0	1
29.54	0	2.727	2.727	2.727	0	1
29.56	0	2.727	2.727	2.727	0	1
29.58	0	2.727	2.727	2.727	0	1
29.6	0	2.727	2.727	2.727	0	1
29.62	0	2.727	2.727	2.727	0	1
29.64	0	2.727	2.727	2.727	0	1
29.66	0	2.727	2.727	2.727	0	1
29.68	0	2.727	2.727	2.727	0	1
29.7	0	2.727	2.727	2.727	0	1
29.72	0	2.727	2.727	2.727	0	1
29.74	0	2.727	2.727	2.727	0	1
29.76	0	2.727	2.727	2.727	0	1
29.78	0	2.727	2.727	2.727	0	1
29.8	0	2.727	2.727	2.727	0	1
29.82	0	2.727	2.727	2.727	0	1
29.84	0	2.727	2.727	2.727	0	1
29.86	0	2.727	2.727	2.727	0	1
29.88	0	2.727	2.727	2.727	0	1
29.9	0	2.727	2.727	2.727	0	1
29.92	0	2.727	2.727	2.727	0	1
29.94	0	2.727	2.727	2.727	0	1
29.96	0	2.727	2.727	2.727	0	1
29.98	0	2.727	2.727	2.727	0	1
30	0	2.727	2.727	2.727	0	1
30.02	0	2.727	2.727	2.727	0	1
30.04	0	2.727	2.727	2.727	0	1
30.06	0	2.727	2.727	2.727	0	1
30.08	0	2.727	2.727	2.727	0	1
30.1	0	2.727	2.727	2.727	0	1
30.12	0	2.727	2.727	2.727	0	1
30.14	0	2.727	2.727	2.727	0	1
30.16	0	2.727	2.727	2.727	0	1
30.18	0	2.727	2.727	2.727	0	1
30.2	0	2.727	2.727	2.727	0	1
30.22	0	2.727	2.727	2.727	0	1
30.24	0	2.727	2.727	2.727	0	1
30.26	0	2.727	2.727	2.727	0	1
30.28	0	2.727	2.727	2.727	0	1
30.3	0	2.727	2.727	2.727	0	1
30.32	0	2.727	2.727	2.727	0	1
30.34	0	2.727	2.727	2.727	0	1
30.36	0	2.727	2.727	2.727	0	1
30.38	0	2.727	2.727	2.727	0	1
30.4	0	2.727	2.727	2.727	0	1
30.42	0	2.727	2.727	2.727	0	1
30.44	0	2.727	2.727	2.727	0	1
30.46	0	2.727	2.727	2.727	0	1
30.48	0	2.727	2.727	2.727	0	1
30.5	0	2.727	2.727	2.727	0	1
30.52	0	2.727	2.727	2.727	0	1
30.54	0	2.727	2.727	2.727	0	1
30.56	0	2.727	2.727	2.727	0	1
30.58	0	2.727	2.727	2.727	0	1
30.6	0	2.727	2.727	2.727	0	1
30.62	0	2.727	2.727	2.727	0	1
30.64	0	2.727	2.727	2.727	0	1
30.66	0	2.727	2.727	2.727	0	1
30.68	0	2.727	2.727	2.727	0	1
30.7	0	2.727	2.727	2.727	0	1
30.72	0	2.727	2.727	2.727	0	1
30.74	0	2.727	2.727	2.727	0	1
30.76	0	2.727	2.727	2.727	0	1
30.78	0	2.727	2.727	2.727	0	1
30.8	0	2.727	2.727	2.727	0	1
30.82	0	2.727	2.727	2.727	0	1
30.84	0	2.727	2.727	2.727	0	1
30.86	0	2.727	2.727	2.727	0	1
30.88	0	2.727	2.727	2.727	0	1
30.9	0	2.727	2.727	2.727	0	1
30.92	0	2.727	2.727	2.727	0	1
30.94	0	2.727	2.727	2.727	0	1
30.96	0	2.727	2.727	2.727	0	1
30.98	0	2.727	2.727	2.727	0	1
31	0	2.727	2.727	2.727	0	1
31.02	0	2.727	2.727	2.727	0	1
31.04	0	2.727	2.727	2.727	0	1
31.06	0	2.727	2.727	2.727	0	1
31.08	0	2.727	2.727	2.727	0	1
31.1	0	2.727	2.727	2.727	0	1
31.12	0	2.727	2.727	2.727	0	1
31.14	0	2.727	2.727	2.727	0	1
31.16	0	2.727	2.727	2.727	0	1
31.18	0	2.727	2.727	2.727	0	1
31.2	0	2.727	2.727	2.727	0	1
31.22	0	2.727	2.727	2.727	0	1
31.24	0	2.727	2.727	2.727	0	1
31.26	0	2.727	2.727	2.727	0	1
31.28	0	2.727	2.727	2.727	0	1
31.3	0	2.727	2.727	2.727	0	1
31.32	0	2.727	2.727	2.727	0	1
31.34	0	2.727	2.727	2.727	0	1
31.36	0	2.727	2.727	2.727	0	1
31.38	0	2.727	2.727	2.727	0	1
31.4	0	2.727	2.727	2.727	0	1
31.42	0	2.727	2.727	2.727	0	1
31.44	0	2.727	2.727	2.727	0	1
31.46	0	2.727	2.727	2.727	0	1
31.48	0	2.727	2.727	2.727	0	1
31.5	0	2.727	2.727	2.727	0	1
31.52	0	2.727	2.727	2.727	0	1
31.54	0	2.727	2.727	2.727	0	1
31.56	0	2.727	2.727	2.727	0	1
31.58	0	2.727	2.727	2.727	0	1
31.6	0	2.727	2.727	2.727	0	1
31.62	0	2.727	2.727	2.727	0	1
31.64	0	2.727	2.727	2.727	0	1
31.66	0	2.727	2.727	2.727	0	1
31.68	0	2.727	2.727	2.727	0	1
31.7	0	2.727	2.727	2.727	0	1
31.72	0	2.727	2.727	2.727	0	1
31.74	0	2.727	2.727	2.727	0	1
31.76	0	2.727	2.727	2.727	0	1
31.78	0	2.727	2.727	2.727	0	1
31.8	0	2.727	2.727	2.727	0	1
31.82	0	2.727	2.727	2.727	0	1
31.84	0	2.727	2.727	2.727	0	1
31.86	0	2.727	2.727	2.727	0	1
31.88	0	2.727	2.727	2.727	0	1
31.9	0	2.727	2.727	2.727	0	1
31.92	0	2.727	2.727	2.727	0	1
31.94	0	2.727	2.727	2.727	0	1
31.96	0	2.727	2.727	2.727	0	1
31.98	0	2.727	2.727	2.727	0	1
32	0	2.727	2.727	2.727	0	1
32.02	0	2.727	2.727	2.727	0	1
32.04	0	2.727	2.727	2.727	0	1
32.06	0	2.727	2.727	2.727	0	1
32.08	0	2.727	2.727	2.727	0	1
32.1	0	2.727	2.727	2.727	0	1
32.12	0	2.727	2.727	2.727	0	1
32.14	0	2.727	2.727	2.727	0	1
32.16	0	2.727	2.727	2.727	0	1
32.18	0	2.727	2.727	2.727	0	1
32.2	0	2.727	2.727	2.727	0	1
32.22	0	2.727	2.727	2.727	0	1
32.24	0	2.727	2.727	2.727	0	1
32.26	0	2.727	2.727	2.727	0	1
32.28	0	2.727	2.727	2.727	0	1
32.3	0	2.727	2.727	2.727	0	1
32.32	0	2.727	2.727	2.727	0	1
32.34	0	2.727	2.727	2.727	0	1
32.36	0	2.727	2.727	2.727	0	1
32.38	0	2.727	2.727	2.727	0	1
32.4	0	2.727	2.727	2.727	0	1
32.42	0	2.727	2.727	2.727	0	1
32.44	0	2.727	2.727	2.727	0	1
32.46	0	2.727	2.727	2.727	0	1
32.48	0	2.727	2.727	2.727	0	1
32.5	0	2.727	2.727	2.727	0	1
32.52	0	2.727	2.727	2.727	0	1
32.54	0	2.727	2.727	2.727	0	1
32.56	0	2.727	2.727	2.727	0	1
32.58	0	2.727	2.727	2.727	0	1
32.6	0	2.727	2.727	2.727	0	1
32.62	0	2.727	2.727	2.727	0	1
32.64	0	2.727	2.727	2.727	0	1
32.66	0	2.727	2.727	2.727	0	1
32.68	0	2.727	2.727	2.727	0	1
32.7	0	2.727	2.727	2.727	0	1
32.72	0	2.727	2.727	2.727	0	1
32.74	0	2.727	2.727	2.727	0	1
32.76	0	2.727	2.727	2.727	0	1
32.78	0	2.727	2.727	2.727	0	1
32.8	0	2.727	2.727	2.727	0	1
32.82	0	2.727	2.727	2.727	0	1
32.84	0	2.727	2.727	2.727	0	1
32.86	0	2.727	2.727	2.727	0	1
32.88	0	2.727	2.727	2.727	0	1
32.9	0	2.727	2.727	2.727	0	1
32.92	0	2.727	2.727	2.727	0	1
32.94	0	2.727	2.727	2.727	0	1
32.96	0	2.727	2.727	2.727	0	1
32.98	0	2.727	2.727	2.727	0	1
33	0	2.727	2.727	2.727	0	1
33.02	0	2.727	2.727	2.727	0	1
33.04	0	2.727	2.727	2.727	0	1
33.06	0	2.727	2.727	2.727	0	1
33.08	0	2.727	2.727	2.727	0	1
33.1	0	2.727	2.727	2.727	0	1
33.12	0	2.727	2.727	2.727	0	1
33.14	0	2.727	2.727	2.727	0	1
33.16	0	2.727	2.727	2.727	0	1
33.18	0	2.727	2.727	2.727	0	1
33.2	0	2.727	2.727	2.727	0	1
33.22	0	2.727	2.727	2.727	0	1
33.24	0	2.727	2.727	2.727	0	1
33.26	0	2.727	2.727	2.727	0	1
33.28	0	2.727	2.727	2.727	0	1
33.3	0	2.727	2.727	2.727	0	1
33.32	0	2.727	2.727	2.727	0	1
33.34	0	2.727	2.727	2.727	0	1
33.36	0	2.727	2.727	2.727	0	1
33.38	0	2.727	2.727	2.727	0	1
33.4	0	2.727	2.727	2.727	0	1
33.42	0	2.727	2.727	2.727	0	1
33.44	0	2.727	2.727	2.727	0	1
33.46	0	2.727	2.727	2.727	0	1
33.48	0	2.727	2.727	2.727	0	1
33.5	0	2.727	2.727	2.727	0	1
33.52	0	2.727	2.727	2.727	0	1
33.54	0	2.727	2.727	2.727	0	1
33.56	0	2.727	2.727	2.727	0	1
33.58	0	2.727	2.727	2.727	0	1
33.6	0	2.727	2.727	2.727	0	1
33.62	0	2.727	2.727	2.727	0	1
33.64	0	2.727	2.727	2.727	0	1
33.66	0	2.727	2.727	2.727	0	1
33.68	0	2.727	2.727	2.727	0	1
33.7	0	2.727	2.727	2.727	0	1
33.72	0	2.727	2.727	2.727	0	1
33.74	0	2.727	2.727	2.727	0	1
33.76	0	2.727	2.727	2.727	0	1
33.78	0	2.727	2.727	2.727	0	1
33.8	0	2.727	2.727	2.727	0	1
33.82	0	2.727	2.727	2.727	0	1
33.84	0	2.727	2.727	2.727	0	1
33.86	0	2.727	2.727	2.727	0	1
33.88	0	2.727	2.727	2.727	0	1
33.9	0	2.727	2.727	2.727	0	1
33.92	0	2.727	2.727	2.727	0	1
33.94	0	2.727	2.727	2.727	0	1
33.96	0	2.727	2.727	2.727	0	1
33.98	0	2.727	2.727	2.727	0	1
34	0	2.727	2.727	2.727	0	1
