?-?-Q136NE2-HE22		7.121	133.079	112.232	6.197	3174998.0
?-?-Q136NE2-HE22		0.850	23.370	112.282	6.197	2534718.0
?-?-Q136NE2-HE22		6.516	117.347	112.252	6.198	6506252.0
?-?-Q136NE2-HE22		4.829	50.614	112.254	6.198	4278162.0
?-?-Q136NE2-HE22		0.233	21.743	112.248	6.198	7524555.0
?-?-Q136NE2-HE22		2.269	34.295	112.252	6.198	21054900.0
?-?-Q136NE2-HE22		5.384	54.804	112.247	6.199	14399269.0
?-?-Q136NE2-HE22		1.145	22.048	112.253	6.199	72146568.0
?-?-Q136NE2-HE22		0.409	22.886	112.257	6.199	9676235.0
?-?-Q136NE2-HE22		0.195	17.549	112.250	6.199	53721164.0
?-?-Q136NE2-HE22		1.775	38.184	112.272	6.199	5405714.0
?-?-Q136NE2-HE22		2.464	35.378	112.245	6.199	20396414.0
?-?-Q136NE2-HE22		2.398	35.368	112.257	6.199	21748464.0
?-?-Q136NE2-HE22		2.176	31.817	112.256	6.199	10782953.0
?-?-Q136NE2-HE22		1.199	31.754	112.230	6.199	6344152.0
?-?-Q136NE2-HE22		2.127	32.566	112.254	6.199	70424240.0
?-?-Q136NE2-HE22		1.843	32.568	112.252	6.199	52603504.0
?-?-Q136NE2-HE22		0.590	17.345	112.269	6.200	3757319.0
?-?-Q136NE2-HE22		4.529	53.717	112.252	6.200	8690817.0
?-?-D105N-H		3.562	46.614	112.790	6.369	23219712.0
?-?-D105N-H		0.588	17.369	112.787	6.369	10947222.0
?-?-D105N-H		2.227	42.351	112.786	6.369	40914280.0
?-?-D105N-H		3.950	46.611	112.795	6.370	12796506.0
?-?-D105N-H		3.497	58.151	112.788	6.370	47521560.0
?-?-D105N-H		2.437	29.188	112.789	6.370	8800458.0
?-?-D105N-H		0.059	27.720	112.787	6.370	47802332.0
?-?-D105N-H		-0.533	27.719	112.789	6.370	37212004.0
?-?-D105N-H		3.824	29.222	112.784	6.370	21926966.0
?-?-D105N-H		3.847	61.404	112.789	6.370	12617676.0
?-?-D105N-H		3.193	28.774	112.789	6.370	4003368.0
?-?-D105N-H		1.521	36.099	112.797	6.370	11403287.0
?-?-D105N-H		1.454	36.087	112.790	6.370	11723049.0
?-?-D105N-H		4.627	52.652	112.786	6.370	81084736.0
?-?-D105N-H		3.048	42.344	112.785	6.370	21807296.0
?-?-D105N-H		5.385	54.816	112.777	6.371	5175142.0
?-?-Q90NE2-HE22		4.107	55.623	111.880	6.614	2789625.0
?-?-Q90NE2-HE22		1.959	33.387	111.829	6.617	20243156.0
?-?-Q90NE2-HE22		1.707	29.011	111.824	6.619	4199598.0
?-?-Q91NE2-HE22		0.827	23.688	112.228	6.719	2707260.0
?-?-Q91NE2-HE22		1.771	29.262	112.219	6.719	3566384.0
?-?-Q91NE2-HE22		2.057	33.468	112.270	6.719	26372366.0
?-?-Q91NE2-HE22		4.200	55.490	112.218	6.720	2857499.0
?-?-Q91NE2-HE22		3.815	63.794	112.241	6.722	3162538.0
?-?-N137ND2-HD22		4.528	53.848	114.661	6.959	2386604.0
?-?-N137ND2-HD22		2.992	37.965	114.682	6.965	20444662.0
?-?-N137ND2-HD22		2.590	37.979	114.679	6.965	43169536.0
?-?-N137ND2-HD22		1.052	21.354	114.693	6.966	8114030.0
?-?-N137ND2-HD22		4.823	53.748	114.680	6.967	6747162.0
?-?-N137ND2-HD22		2.821	41.500	114.660	6.972	3047958.0
?-?-L141N-H		0.803	25.665	120.485	7.070	3982121.0
?-?-L141N-H		1.636	44.237	120.589	7.070	2760816.0
?-?-L141N-H		4.829	53.667	120.458	7.070	2874098.0
?-?-L141N-H		2.999	37.938	120.462	7.071	4290108.0
?-?-L141N-H		3.837	63.174	120.531	7.072	3550720.0
?-?-L141N-H		4.917	53.288	120.465	7.072	3538665.0
?-?-L141N-H		0.529	14.916	120.472	7.072	3005174.0
?-?-L141N-H		0.635	22.156	120.484	7.073	9388754.0
?-?-L141N-H		2.814	41.606	120.502	7.073	22526908.0
?-?-L141N-H		3.678	58.356	120.499	7.073	45765972.0
?-?-L141N-H		4.858	54.578	120.497	7.073	54079512.0
?-?-L141N-H		2.588	37.984	120.482	7.073	5310884.0
?-?-L141N-H		1.624	27.452	120.530	7.073	3883852.0
?-?-L141N-H		1.195	31.792	120.512	7.073	2741517.0
?-?-L141N-H		6.530	127.716	120.512	7.073	2513379.0
?-?-L141N-H		0.641	42.683	120.506	7.073	51232892.0
?-?-L141N-H		-0.281	24.397	120.498	7.073	51640216.0
?-?-L141N-H		0.233	21.773	120.495	7.073	78915728.0
?-?-L141N-H		0.892	23.920	120.501	7.074	5693192.0
?-?-L141N-H		2.990	41.598	120.503	7.074	15863464.0
?-?-L141N-H		4.180	60.443	120.503	7.074	30119386.0
?-?-L141N-H		4.045	63.130	120.495	7.074	4814287.0
?-?-L141N-H		4.823	50.525	120.542	7.074	2889712.0
?-?-L141N-H		2.189	31.701	120.515	7.074	3101759.0
?-?-L141N-H		4.092	55.583	120.502	7.074	109762832.0
?-?-L141N-H		1.551	42.677	120.504	7.074	129671096.0
?-?-L141N-H		1.414	26.039	120.501	7.074	229774576.0
?-?-L141N-H		1.146	22.071	120.475	7.075	4949858.0
?-?-L141N-H		0.406	22.795	120.488	7.075	4070688.0
?-?-L141N-H		0.541	14.691	120.532	7.076	3028420.0
?-?-L141N-H		2.790	32.201	120.561	7.079	2841789.0
?-?-Q136NE2-HE21		1.500	28.933	112.244	7.112	2906664.0
?-?-Q136NE2-HE21		7.126	132.917	112.253	7.112	7605752.0
?-?-Q136NE2-HE21		1.211	31.795	112.253	7.114	3749990.0
?-?-Q136NE2-HE21		0.822	13.625	112.256	7.115	3341391.0
?-?-Q136NE2-HE21		0.587	17.396	112.259	7.116	9289969.0
?-?-Q136NE2-HE21		0.413	22.904	112.257	7.116	6969418.0
?-?-Q136NE2-HE21		0.231	21.772	112.255	7.116	7151353.0
?-?-Q136NE2-HE21		0.838	23.542	112.228	7.116	2342145.0
?-?-Q136NE2-HE21		2.401	35.387	112.255	7.116	13546619.0
?-?-Q136NE2-HE21		2.185	31.819	112.242	7.116	7710626.0
?-?-Q136NE2-HE21		5.385	54.804	112.249	7.117	19402624.0
?-?-Q136NE2-HE21		4.826	50.598	112.252	7.117	8720947.0
?-?-Q136NE2-HE21		1.775	38.178	112.260	7.117	15674391.0
?-?-Q136NE2-HE21		2.268	34.276	112.249	7.117	14393731.0
?-?-Q136NE2-HE21		0.196	17.535	112.252	7.117	33872112.0
?-?-Q136NE2-HE21		1.145	22.046	112.254	7.117	88085928.0
?-?-Q136NE2-HE21		3.983	62.096	112.208	7.117	2701192.0
?-?-Q136NE2-HE21		6.516	117.396	112.256	7.117	6321048.0
?-?-Q136NE2-HE21		2.461	35.365	112.257	7.117	14314836.0
?-?-Q136NE2-HE21		2.128	32.560	112.250	7.117	39061748.0
?-?-Q136NE2-HE21		1.843	32.565	112.251	7.117	30849890.0
?-?-Q136NE2-HE21		4.535	53.750	112.272	7.118	6788300.0
?-?-Q136NE2-HE21		4.661	55.765	112.266	7.119	2821390.0
?-?-Q136NE2-HE21		4.355	60.479	112.263	7.120	4939282.0
?-?-Q90NE2-HE21		1.680	29.046	111.815	7.120	4018986.0
?-?-Q90NE2-HE21		1.945	33.372	111.824	7.120	26892330.0
?-?-Q136NE2-HE21		3.858	61.399	112.232	7.121	3292464.0
?-?-Q91NE2-HE21		4.202	55.569	112.240	7.267	3044560.0
?-?-Q91NE2-HE21		1.854	29.258	112.291	7.267	3023253.0
?-?-Q91NE2-HE21		2.049	33.469	112.258	7.270	36173088.0
?-?-Q91NE2-HE21		1.762	29.068	112.259	7.276	2453580.0
?-?-Y130N-H		1.216	22.525	119.472	7.402	11309174.0
?-?-Y130N-H		0.648	20.203	119.486	7.402	5904404.0
?-?-Y130N-H		3.302	46.015	119.489	7.402	32923418.0
?-?-Y130N-H		2.945	37.679	119.492	7.402	10555252.0
?-?-Y130N-H		2.586	37.681	119.481	7.402	7983362.0
?-?-Y130N-H		3.863	69.011	119.489	7.402	6550609.0
?-?-Y130N-H		4.019	46.024	119.486	7.403	73434744.0
?-?-Y130N-H		3.557	45.679	119.482	7.403	11559177.0
?-?-Y130N-H		3.844	64.644	119.494	7.403	13745071.0
?-?-Y130N-H		4.142	60.114	119.485	7.403	79511704.0
?-?-Y130N-H		2.854	41.089	119.487	7.403	35664212.0
?-?-Y130N-H		2.232	41.085	119.485	7.403	65665872.0
?-?-Y130N-H		6.822	132.501	119.486	7.403	47873300.0
?-?-Y130N-H		4.507	60.175	119.487	7.404	3783396.0
?-?-Y130N-H		6.782	118.554	119.485	7.404	7669784.0
?-?-N137ND2-HD21		2.985	41.668	114.679	7.483	3895029.0
?-?-N137ND2-HD21		6.966	138.352	114.656	7.484	5136085.0
?-?-N137ND2-HD21		4.536	53.742	114.682	7.484	4363492.0
?-?-N137ND2-HD21		4.823	53.751	114.672	7.484	9179331.0
?-?-N137ND2-HD21		2.589	37.974	114.672	7.484	90346096.0
?-?-N137ND2-HD21		2.812	41.634	114.666	7.485	5049289.0
?-?-N137ND2-HD21		1.053	21.298	114.669	7.485	6831322.0
?-?-N137ND2-HD21		2.991	37.986	114.676	7.485	38803516.0
?-?-R120N-H		2.406	26.594	116.659	7.536	3222520.0
?-?-R120N-H		2.989	42.091	116.678	7.538	3660302.0
?-?-R120N-H		4.734	52.044	116.699	7.539	4969406.0
?-?-R120N-H		3.681	57.750	116.670	7.540	17153194.0
?-?-R120N-H		3.121	40.994	116.667	7.540	10004649.0
?-?-R120N-H		0.763	25.615	116.678	7.540	2931334.0
?-?-R120N-H		4.071	61.869	116.651	7.540	8682704.0
?-?-R120N-H		1.050	21.342	116.674	7.540	9418648.0
?-?-R120N-H		1.393	31.123	116.666	7.540	76872248.0
?-?-R120N-H		1.636	28.631	116.667	7.540	72425240.0
?-?-R120N-H		2.148	37.222	116.673	7.541	7261312.0
?-?-R120N-H		1.952	32.159	116.666	7.541	94817240.0
?-?-R120N-H		1.406	25.158	116.680	7.541	10486386.0
?-?-R120N-H		1.495	25.147	116.673	7.541	10262130.0
?-?-R120N-H		3.256	38.985	116.629	7.541	3216056.0
?-?-R120N-H		4.222	58.778	116.667	7.541	35915552.0
?-?-R120N-H		4.180	56.483	116.666	7.541	82837816.0
?-?-R120N-H		1.884	31.123	116.665	7.541	46379896.0
?-?-R120N-H		1.485	28.631	116.668	7.541	46362000.0
?-?-R120N-H		3.112	43.298	116.677	7.541	17124688.0
?-?-R120N-H		2.171	26.598	116.651	7.542	3126110.0
?-?-S115N-H		5.280	55.960	109.696	7.543	2366090.0
?-?-S115N-H		-0.001	16.157	109.715	7.544	2605897.0
?-?-S115N-H		1.888	31.212	109.743	7.544	3040151.0
?-?-R120N-H		2.151	41.029	116.650	7.544	5238879.0
?-?-R120N-H		0.003	16.198	116.704	7.544	3372057.0
?-?-S115N-H		1.562	34.376	109.717	7.544	2307113.0
?-?-S115N-H		1.169	29.313	109.696	7.546	9153052.0
?-?-S115N-H		3.075	32.529	109.704	7.546	18252944.0
?-?-S115N-H		0.637	14.260	109.724	7.547	6633728.0
?-?-S115N-H		0.581	19.023	109.702	7.547	191759856.0
?-?-S115N-H		1.207	20.189	109.702	7.547	193917760.0
?-?-S115N-H		0.850	21.494	109.702	7.547	23078482.0
?-?-S115N-H		0.651	21.328	109.707	7.547	32245090.0
?-?-S115N-H		1.046	21.960	109.699	7.547	3471896.0
?-?-S115N-H		0.949	23.585	109.706	7.547	41066928.0
?-?-S115N-H		0.857	23.526	109.721	7.547	3708966.0
?-?-S115N-H		4.955	57.799	109.702	7.547	19685886.0
?-?-S115N-H		4.394	53.365	109.700	7.547	59670812.0
?-?-S115N-H		1.865	38.294	109.704	7.547	6752026.0
?-?-S115N-H		1.857	33.163	109.701	7.547	79802440.0
?-?-S115N-H		3.143	66.228	109.692	7.547	7781773.0
?-?-S115N-H		4.487	61.942	109.703	7.547	7859633.0
?-?-S115N-H		3.870	63.399	109.701	7.547	55412684.0
?-?-S115N-H		4.357	57.740	109.702	7.547	126295456.0
?-?-S115N-H		3.716	63.675	109.703	7.547	72939624.0
?-?-S115N-H		0.738	21.613	109.703	7.548	26232294.0
?-?-S115N-H		0.410	22.906	109.702	7.548	10086720.0
?-?-S115N-H		5.124	55.233	109.702	7.548	15417616.0
?-?-S115N-H		2.607	32.539	109.719	7.548	8142564.0
?-?-S115N-H		4.122	61.676	109.712	7.548	7484834.0
?-?-S115N-H		0.538	14.967	109.700	7.549	6957349.0
?-?-S115N-H		0.206	17.556	109.699	7.549	3013291.0
?-?-S115N-H		0.436	29.276	109.701	7.549	4376144.0
?-?-S115N-H		0.474	28.189	109.705	7.549	2704945.0
?-?-S115N-H		1.567	28.149	109.692	7.551	3601794.0
?-?-S115N-H		0.988	43.036	109.721	7.551	2668304.0
?-?-D140N-H		0.630	42.632	119.864	7.555	3472583.0
?-?-D140N-H		2.180	31.798	119.844	7.561	4379428.0
?-?-D140N-H		4.828	53.755	119.842	7.562	8130475.0
?-?-D140N-H		1.549	42.651	119.848	7.563	9436681.0
?-?-D140N-H		2.815	41.618	119.827	7.563	113603752.0
?-?-D140N-H		2.588	37.971	119.830	7.563	46665000.0
?-?-D140N-H		3.836	63.137	119.835	7.563	16795864.0
?-?-D140N-H		4.092	55.559	119.829	7.564	9656043.0
?-?-D140N-H		3.679	58.404	119.828	7.564	25711846.0
?-?-D140N-H		2.991	37.963	119.827	7.564	29762640.0
?-?-D140N-H		1.415	26.029	119.836	7.564	24725740.0
?-?-D140N-H		0.758	25.655	119.846	7.564	2631230.0
?-?-D140N-H		4.179	60.435	119.831	7.564	47865888.0
?-?-D140N-H		4.048	63.136	119.829	7.564	19045396.0
?-?-D140N-H		4.858	54.579	119.833	7.564	95929456.0
?-?-D140N-H		2.990	41.622	119.829	7.564	59756876.0
?-?-D140N-H		0.233	21.780	119.841	7.565	13817336.0
?-?-D140N-H		-0.282	24.410	119.823	7.565	7095492.0
?-?-D140N-H		1.676	42.272	119.857	7.565	4341558.0
?-?-D140N-H		0.642	22.189	119.870	7.567	6087488.0
?-?-D140N-H		4.537	53.675	119.816	7.568	3065840.0
?-?-D140N-H		1.185	31.691	119.806	7.568	3003180.0
?-?-D140N-H		5.056	59.232	119.887	7.568	2866613.0
?-?-D140N-H		4.544	53.858	119.910	7.583	2225489.0
?-?-W92N-H		0.544	14.920	122.418	7.720	3932989.0
?-?-W92N-H		1.947	33.398	122.474	7.722	3699713.0
?-?-W92N-H		1.854	29.200	122.432	7.723	13706594.0
?-?-W92N-H		1.765	29.200	122.420	7.723	9686757.0
?-?-W92N-H		4.205	55.502	122.437	7.724	102882480.0
?-?-W92N-H		0.641	22.193	122.462	7.724	4684835.0
?-?-W92N-H		2.058	33.496	122.443	7.724	11029180.0
?-?-W92N-H		4.774	56.908	122.436	7.724	25297168.0
?-?-W92N-H		7.174	127.558	122.433	7.724	10750403.0
?-?-W92N-H		3.005	32.288	122.439	7.725	16274009.0
?-?-W92N-H		2.789	32.286	122.435	7.726	34571248.0
?-?-W92N-H		0.636	14.310	122.448	7.728	4349174.0
?-?-W92N-H		1.699	29.055	122.431	7.728	4881297.0
?-?-T122N-H		2.412	26.597	109.734	7.899	7956216.0
?-?-T122N-H		5.127	55.221	109.721	7.899	3678834.0
?-?-T122N-H		2.145	37.230	109.718	7.900	12091796.0
?-?-T122N-H		4.746	52.154	109.759	7.900	3412423.0
?-?-T122N-H		2.150	40.992	109.732	7.901	12457304.0
?-?-T122N-H		3.120	40.974	109.729	7.901	25752040.0
?-?-T122N-H		1.885	31.134	109.718	7.901	11286411.0
?-?-T122N-H		1.394	31.119	109.723	7.901	15556517.0
?-?-T122N-H		1.632	28.607	109.697	7.901	3072910.0
?-?-T122N-H		1.039	27.701	109.712	7.901	9627855.0
?-?-T122N-H		0.765	25.547	109.731	7.901	25639978.0
?-?-T122N-H		2.157	26.588	109.732	7.901	8878079.0
?-?-T122N-H		0.006	16.136	109.727	7.901	12949934.0
?-?-T122N-H		3.681	57.769	109.725	7.901	87891048.0
?-?-T122N-H		4.825	53.766	109.708	7.901	6461180.0
?-?-T122N-H		4.082	61.818	109.734	7.901	11043568.0
?-?-T122N-H		5.062	59.354	109.724	7.901	46900200.0
?-?-T122N-H		4.132	72.718	109.733	7.901	17884760.0
?-?-T122N-H		1.051	21.328	109.726	7.901	59946712.0
?-?-T122N-H		1.953	32.180	109.672	7.902	2867412.0
?-?-T122N-H		0.632	22.210	109.741	7.902	5492646.0
?-?-T122N-H		4.177	56.449	109.721	7.902	6458858.0
?-?-T122N-H		1.483	28.610	109.751	7.903	4431294.0
?-?-I108N-H		4.551	58.779	120.910	7.954	281242304.0
?-?-I108N-H		0.586	17.366	120.916	7.954	8679182.0
?-?-I108N-H		2.585	28.706	120.910	7.954	138378048.0
?-?-I108N-H		3.193	28.705	120.906	7.954	36917056.0
?-?-I108N-H		4.327	61.570	120.909	7.954	69159576.0
?-?-I108N-H		1.429	39.199	120.910	7.954	228105808.0
?-?-I108N-H		1.554	29.413	120.911	7.954	128411872.0
?-?-I108N-H		0.721	29.409	120.911	7.954	32136060.0
?-?-I108N-H		0.784	13.981	120.911	7.954	41306920.0
?-?-I108N-H		0.720	18.986	120.909	7.954	47967844.0
?-?-I108N-H		0.826	28.973	120.922	7.955	5464228.0
?-?-I108N-H		0.822	25.645	120.900	7.955	4122514.0
?-?-V124N-H		4.563	58.792	118.866	7.955	3249787.0
?-?-I108N-H		4.352	60.438	120.912	7.956	9608570.0
?-?-V124N-H		2.254	37.632	118.905	7.961	3235494.0
?-?-T112N-H		3.873	63.400	110.606	7.962	6585673.0
?-?-T112N-H		0.545	15.137	110.631	7.962	2492973.0
?-?-V124N-H		0.431	29.320	118.882	7.962	6595824.0
?-?-T112N-H		4.870	55.923	110.627	7.963	6286238.0
?-?-T112N-H		1.214	20.183	110.604	7.963	3306094.0
?-?-V124N-H		1.175	29.291	118.884	7.963	5501036.0
?-?-V124N-H		4.953	57.827	118.835	7.963	4673456.0
?-?-V124N-H		4.134	72.733	118.887	7.963	3261220.0
?-?-V124N-H		0.640	14.234	118.835	7.963	4876518.0
?-?-T112N-H		1.647	33.604	110.617	7.964	28896630.0
?-?-T112N-H		5.132	51.534	110.616	7.964	202382928.0
?-?-T112N-H		4.502	60.102	110.613	7.964	24287868.0
?-?-T112N-H		4.387	59.516	110.608	7.964	7367602.0
?-?-T112N-H		0.195	17.581	110.616	7.964	10099719.0
?-?-T112N-H		0.650	20.210	110.617	7.964	25397070.0
?-?-T112N-H		1.212	22.560	110.618	7.964	8075896.0
?-?-T112N-H		0.850	23.443	110.615	7.964	230271568.0
?-?-T112N-H		0.409	22.917	110.626	7.964	12294093.0
?-?-V124N-H		4.358	57.726	118.864	7.964	9431502.0
?-?-V124N-H		0.001	16.142	118.867	7.964	7438120.0
?-?-V124N-H		0.225	21.671	118.908	7.964	2840828.0
?-?-T112N-H		1.330	33.690	110.616	7.965	29805552.0
?-?-T112N-H		4.958	57.790	110.613	7.965	20370578.0
?-?-T112N-H		3.866	69.014	110.591	7.965	3135676.0
?-?-T112N-H		0.672	21.189	110.627	7.965	12635319.0
?-?-V124N-H		2.609	32.546	118.866	7.965	58698408.0
?-?-V124N-H		3.079	32.539	118.867	7.965	120757416.0
?-?-V124N-H		5.121	55.238	118.868	7.965	202261360.0
?-?-V124N-H		3.867	63.381	118.863	7.965	6681946.0
?-?-V124N-H		0.540	14.927	118.856	7.965	3709931.0
?-?-V124N-H		0.582	19.018	118.868	7.965	44143444.0
?-?-V124N-H		0.410	22.901	118.873	7.965	11759314.0
?-?-T112N-H		5.158	60.375	110.618	7.965	72031576.0
?-?-T112N-H		3.619	72.082	110.617	7.965	82432792.0
?-?-T112N-H		1.040	21.985	110.615	7.965	47147688.0
?-?-V124N-H		4.490	61.913	118.868	7.965	68373936.0
?-?-V124N-H		1.857	33.164	118.869	7.965	146717264.0
?-?-V124N-H		0.648	21.358	118.866	7.965	42521284.0
?-?-V124N-H		0.738	21.628	118.867	7.965	119558696.0
?-?-V124N-H		5.269	55.771	118.861	7.966	11349715.0
?-?-V124N-H		3.714	63.670	118.862	7.966	16045672.0
?-?-V124N-H		4.121	61.684	118.869	7.966	33354258.0
?-?-V124N-H		1.208	20.189	118.870	7.966	24235760.0
?-?-V124N-H		0.642	22.065	118.867	7.966	8076224.0
?-?-T112N-H		1.136	22.020	110.572	7.967	4757018.0
?-?-V124N-H		0.945	23.589	118.833	7.968	5088552.0
?-?-V124N-H		4.398	53.381	118.887	7.968	3263684.0
?-?-V124N-H		0.195	17.637	118.875	7.970	3764546.0
?-?-Q90N-H		1.554	42.310	119.512	7.985	4081876.0
?-?-Q90N-H		3.826	63.835	119.523	7.988	2693326.0
?-?-Q90N-H		1.686	29.041	119.524	7.989	20939558.0
?-?-Q90N-H		1.953	33.365	119.538	7.989	10011609.0
?-?-Q90N-H		4.274	55.592	119.537	7.990	33363328.0
?-?-Q90N-H		4.108	55.596	119.531	7.990	12184278.0
?-?-Q90N-H		1.607	42.334	119.514	7.991	4151077.0
?-?-N132N-H		4.393	59.529	115.552	8.026	8177472.0
?-?-N132N-H		0.649	20.204	115.575	8.027	26590570.0
?-?-N132N-H		3.554	45.654	115.568	8.027	40811576.0
?-?-N132N-H		1.566	34.471	115.570	8.027	4308396.0
?-?-N132N-H		4.143	60.146	115.583	8.027	13745969.0
?-?-N132N-H		6.753	133.331	115.563	8.027	9994886.0
?-?-N132N-H		2.987	37.560	115.568	8.027	46413336.0
?-?-N132N-H		2.650	37.553	115.569	8.027	93011616.0
?-?-N132N-H		5.767	54.115	115.562	8.028	5495502.0
?-?-N132N-H		4.082	45.663	115.569	8.028	40672740.0
?-?-N132N-H		2.854	41.101	115.565	8.028	47199760.0
?-?-N132N-H		2.231	41.101	115.563	8.028	46198816.0
?-?-N132N-H		1.492	26.914	115.570	8.028	5074378.0
?-?-N132N-H		4.500	60.147	115.562	8.028	4581351.0
?-?-N132N-H		4.750	53.182	115.568	8.028	122650024.0
?-?-N132N-H		0.674	21.183	115.585	8.029	11506354.0
?-?-N132N-H		6.817	132.435	115.575	8.030	5736712.0
?-?-D96N-H		4.398	53.407	121.074	8.059	3461571.0
?-?-D96N-H		0.483	28.191	121.095	8.060	6319140.0
?-?-D96N-H		3.869	63.478	121.091	8.060	5380356.0
?-?-D96N-H		0.642	14.237	121.087	8.061	6779002.0
?-?-D96N-H		1.578	23.556	121.099	8.061	7331275.0
?-?-D96N-H		0.949	23.593	121.085	8.061	13125521.0
?-?-D96N-H		0.851	21.496	121.098	8.061	26404916.0
?-?-D96N-H		5.159	60.450	121.098	8.061	6609202.0
?-?-D96N-H		0.543	14.956	121.095	8.062	48726708.0
?-?-D96N-H		0.581	19.034	121.096	8.062	28934610.0
?-?-D96N-H		1.333	23.572	121.094	8.062	10717879.0
?-?-D96N-H		1.041	21.977	121.093	8.062	20910134.0
?-?-D96N-H		4.873	55.705	121.103	8.062	9573349.0
?-?-D96N-H		4.440	44.502	121.094	8.062	55042660.0
?-?-D96N-H		3.537	44.499	121.093	8.062	47725196.0
?-?-D96N-H		1.685	28.990	121.073	8.062	5404852.0
?-?-D96N-H		3.139	66.180	121.093	8.062	75704584.0
?-?-D96N-H		4.642	55.654	121.094	8.062	144910096.0
?-?-D96N-H		2.923	41.662	121.093	8.062	77989360.0
?-?-D96N-H		4.665	54.370	121.107	8.063	6803167.0
?-?-D96N-H		1.862	38.304	121.095	8.063	100514008.0
?-?-D96N-H		1.803	35.745	121.093	8.063	12951311.0
?-?-D96N-H		1.877	31.329	121.079	8.063	7713994.0
?-?-D96N-H		1.558	28.191	121.098	8.063	13826366.0
?-?-D96N-H		3.621	72.062	121.075	8.063	6646749.0
?-?-D96N-H		3.211	41.670	121.093	8.063	155111392.0
?-?-D96N-H		0.410	22.963	121.046	8.064	2921636.0
?-?-D96N-H		4.781	56.928	121.097	8.064	4681246.0
?-?-D96N-H		3.054	41.810	121.089	8.064	11309981.0
?-?-E147N-H		0.871	17.607	128.585	8.064	16342784.0
?-?-E147N-H		4.488	58.581	128.586	8.064	222855488.0
?-?-E147N-H		2.852	28.409	128.584	8.064	26718822.0
?-?-E147N-H		4.082	58.141	128.582	8.064	53371540.0
?-?-E147N-H		2.001	31.292	128.584	8.064	18432568.0
?-?-E147N-H		1.838	31.286	128.583	8.064	47769476.0
?-?-E147N-H		2.150	36.780	128.585	8.064	21826226.0
?-?-E147N-H		2.915	28.406	128.586	8.065	21603626.0
?-?-E121N-H		3.123	40.925	115.207	8.072	4786462.0
?-?-E121N-H		1.489	25.093	115.196	8.072	2530520.0
?-?-E121N-H		0.004	16.137	115.193	8.073	5751105.0
?-?-E121N-H		4.222	58.771	115.190	8.073	11079293.0
?-?-E121N-H		1.037	27.730	115.172	8.073	3210305.0
?-?-E121N-H		4.073	61.864	115.189	8.074	29474148.0
?-?-E121N-H		0.765	25.555	115.189	8.075	20879056.0
?-?-E121N-H		1.883	31.095	115.183	8.075	11195753.0
?-?-E121N-H		1.394	31.116	115.188	8.075	14110515.0
?-?-E121N-H		1.637	28.693	115.204	8.075	7532622.0
?-?-E121N-H		4.179	56.483	115.187	8.075	28913382.0
?-?-E121N-H		3.681	57.775	115.190	8.075	173732720.0
?-?-E121N-H		2.154	26.603	115.193	8.075	20562944.0
?-?-E121N-H		2.147	37.228	115.194	8.075	51171316.0
?-?-E121N-H		1.958	32.160	115.192	8.076	10369764.0
?-?-E121N-H		1.486	28.644	115.184	8.076	7372060.0
?-?-E121N-H		1.053	21.320	115.193	8.076	11489873.0
?-?-E121N-H		1.403	25.052	115.240	8.076	2449906.0
?-?-E121N-H		2.413	26.601	115.187	8.076	15874110.0
?-?-E121N-H		5.059	59.343	115.147	8.078	3976060.0
?-?-E121N-H		2.161	40.989	115.171	8.079	2650732.0
?-?-Q91N-H		4.105	55.613	121.703	8.115	8901531.0
?-?-Q91N-H		4.185	55.540	121.745	8.118	3734119.0
?-?-Q91N-H		3.143	66.224	121.668	8.119	3320077.0
?-?-Q91N-H		3.876	63.391	121.682	8.119	8758535.0
?-?-Q91N-H		0.577	19.044	121.705	8.119	7435890.0
?-?-Q91N-H		1.569	28.244	121.701	8.120	14299016.0
?-?-Q91N-H		0.473	28.217	121.659	8.120	6008492.0
?-?-Q91N-H		3.620	72.217	121.688	8.120	17813870.0
?-?-Q91N-H		5.183	60.294	121.682	8.120	40077224.0
?-?-Q91N-H		0.545	14.978	121.685	8.120	9513772.0
?-?-Q91N-H		1.856	38.337	121.684	8.121	17783652.0
?-?-Q91N-H		1.046	22.003	121.680	8.121	21220712.0
?-?-Q91N-H		1.763	29.212	121.732	8.121	5244346.0
?-?-Q91N-H		4.847	56.030	121.724	8.124	5427010.0
?-?-Q91N-H		1.859	29.101	121.713	8.131	3092776.0
?-?-L89N-H		3.808	63.762	123.641	8.151	3162916.0
?-?-L89N-H		1.609	26.951	123.680	8.152	4333598.0
?-?-L89N-H		4.282	55.622	123.668	8.153	3876903.0
?-?-L89N-H		4.352	58.386	123.702	8.155	7311304.0
?-?-L89N-H		1.619	42.314	123.711	8.160	5595674.0
?-?-I113N-H		4.101	55.578	122.061	8.192	3056808.0
?-?-I113N-H		4.443	44.519	122.020	8.196	3293612.0
?-?-I113N-H		2.928	41.635	122.060	8.196	2834565.0
?-?-I113N-H		1.740	29.166	122.030	8.196	3227249.0
?-?-I113N-H		3.214	41.701	122.041	8.197	6474368.0
?-?-I113N-H		4.959	57.820	122.020	8.198	6569288.0
?-?-I113N-H		1.205	20.216	122.040	8.198	3970474.0
?-?-I113N-H		3.618	72.081	122.033	8.198	90258192.0
?-?-I113N-H		5.138	51.405	122.003	8.198	2470218.0
?-?-I113N-H		0.480	28.189	122.036	8.198	38623340.0
?-?-I113N-H		0.541	14.957	122.032	8.198	36647188.0
?-?-I113N-H		0.582	19.027	122.033	8.198	31779428.0
?-?-I113N-H		4.870	55.894	122.037	8.199	26877698.0
?-?-I113N-H		1.040	21.983	122.032	8.199	107081032.0
?-?-I113N-H		0.847	23.447	122.054	8.199	5452473.0
?-?-I113N-H		0.409	22.912	122.018	8.199	11646477.0
?-?-I113N-H		0.846	21.465	122.028	8.199	4301908.0
?-?-I113N-H		3.532	44.533	122.036	8.199	7164356.0
?-?-I113N-H		3.138	66.192	122.033	8.199	11809153.0
?-?-I113N-H		5.158	60.370	122.033	8.199	308167936.0
?-?-I113N-H		3.870	63.403	122.033	8.199	63033924.0
?-?-I113N-H		1.861	38.304	122.034	8.199	142817200.0
?-?-I113N-H		1.556	28.179	122.034	8.199	129529496.0
?-?-I113N-H		4.639	55.676	122.037	8.200	4531419.0
?-?-I113N-H		4.396	53.344	122.032	8.200	4224514.0
?-?-I113N-H		0.945	23.519	122.019	8.200	3285887.0
?-?-I113N-H		2.789	32.216	122.039	8.200	5232388.0
?-?-I113N-H		2.113	33.131	121.989	8.200	3211810.0
?-?-I113N-H		-0.289	24.455	122.035	8.203	4245665.0
?-?-K119N-H		1.497	25.144	119.208	8.239	25380492.0
?-?-K119N-H		1.702	28.948	119.186	8.239	9735760.0
?-?-K119N-H		4.178	56.446	119.206	8.240	6086116.0
?-?-K119N-H		3.257	39.023	119.201	8.240	10162384.0
?-?-K119N-H		1.640	28.641	119.215	8.240	5653720.0
?-?-K119N-H		4.074	61.862	119.219	8.240	15375333.0
?-?-K119N-H		4.222	58.778	119.210	8.240	56075672.0
?-?-K119N-H		1.407	25.147	119.211	8.240	16420072.0
?-?-K119N-H		1.960	32.161	119.213	8.240	99578728.0
?-?-K119N-H		4.736	52.060	119.214	8.241	10434772.0
?-?-K119N-H		2.914	39.023	119.210	8.241	12897701.0
?-?-K119N-H		1.399	31.085	119.233	8.241	3744619.0
?-?-K119N-H		0.001	16.102	119.241	8.241	2839141.0
?-?-K119N-H		2.990	42.217	119.207	8.242	3427537.0
?-?-K119N-H		1.491	28.611	119.194	8.243	2891732.0
?-?-K119N-H		2.171	37.245	119.237	8.245	2701067.0
?-?-K119N-H		1.893	31.042	119.248	8.246	2498878.0
?-?-I145N-H		4.500	58.628	121.440	8.310	3691418.0
?-?-I145N-H		4.925	63.045	121.479	8.311	3199848.0
?-?-I145N-H		2.115	33.181	121.457	8.311	2561231.0
?-?-I145N-H		0.729	19.034	121.422	8.312	2822352.0
?-?-I145N-H		3.955	50.786	121.471	8.313	10281235.0
?-?-I145N-H		2.569	32.970	121.464	8.313	4612580.0
?-?-I145N-H		1.978	32.186	121.459	8.313	60289560.0
?-?-I145N-H		2.022	27.551	121.465	8.313	11841349.0
?-?-I145N-H		4.777	58.103	121.458	8.313	2900116.0
?-?-I145N-H		3.641	65.226	121.453	8.313	8922422.0
?-?-I145N-H		3.507	65.166	121.438	8.313	5683763.0
?-?-I145N-H		3.987	62.638	121.463	8.313	5903127.0
?-?-I145N-H		3.860	62.588	121.433	8.313	3673614.0
?-?-I145N-H		4.350	63.275	121.460	8.313	240302256.0
?-?-I145N-H		4.084	61.377	121.460	8.313	68562752.0
?-?-I145N-H		1.798	38.736	121.459	8.313	115230464.0
?-?-I145N-H		1.463	27.396	121.461	8.313	48144516.0
?-?-I145N-H		1.132	27.398	121.464	8.313	44038604.0
?-?-I145N-H		0.808	13.169	121.457	8.313	13021697.0
?-?-I145N-H		0.872	17.615	121.460	8.313	33270464.0
?-?-I145N-H		1.922	27.553	121.453	8.314	6861410.0
?-?-I145N-H		4.996	55.897	121.466	8.315	3124182.0
?-?-K97N-H		0.193	17.568	119.142	8.357	3088474.0
?-?-K97N-H		0.641	21.335	119.047	8.359	2901175.0
?-?-K97N-H		1.041	21.963	119.105	8.362	19650754.0
?-?-K97N-H		0.543	15.024	119.118	8.362	4202601.0
?-?-K97N-H		3.009	42.240	119.101	8.362	14335876.0
?-?-K97N-H		2.021	27.596	119.117	8.362	4110140.0
?-?-K97N-H		4.642	55.648	119.099	8.363	507944448.0
?-?-K97N-H		2.123	33.227	119.100	8.363	70336112.0
?-?-K97N-H		1.971	32.156	119.097	8.363	7074680.0
?-?-K97N-H		1.744	29.231	119.103	8.363	45704028.0
?-?-K97N-H		1.710	25.570	119.099	8.363	100193640.0
?-?-K97N-H		1.536	25.572	119.100	8.363	60072396.0
?-?-K97N-H		4.869	55.866	119.095	8.364	90970008.0
?-?-K97N-H		3.213	41.661	119.094	8.364	24481026.0
?-?-K97N-H		2.924	41.673	119.097	8.364	60793628.0
?-?-K97N-H		1.796	33.226	119.097	8.364	166562384.0
?-?-K97N-H		5.159	60.365	119.089	8.364	8663995.0
?-?-K97N-H		1.925	27.525	119.098	8.365	7560252.0
?-?-K97N-H		4.480	61.827	119.124	8.369	2649152.0
?-?-G131N-H		3.837	64.665	103.378	8.372	3414273.0
?-?-I116N-H		2.614	32.559	120.407	8.373	4728306.0
?-?-I116N-H		3.145	66.143	120.413	8.373	4448918.0
?-?-I116N-H		0.641	22.158	120.437	8.375	2920952.0
?-?-I116N-H		0.850	21.469	120.416	8.376	19463556.0
?-?-I116N-H		0.581	19.031	120.418	8.376	15256617.0
?-?-I116N-H		0.949	23.586	120.411	8.376	120217216.0
?-?-I116N-H		0.540	15.088	120.434	8.376	2484186.0
?-?-G131N-H		4.142	60.157	103.375	8.376	9195867.0
?-?-I116N-H		1.173	29.313	120.416	8.377	34768424.0
?-?-I116N-H		0.430	29.328	120.408	8.377	12659444.0
?-?-I116N-H		0.980	42.998	120.409	8.377	91762232.0
?-?-I116N-H		5.123	55.239	120.398	8.377	9725394.0
?-?-I116N-H		4.357	57.737	120.410	8.377	363573280.0
?-?-I116N-H		3.713	63.676	120.410	8.377	161649728.0
?-?-I116N-H		4.121	61.688	120.406	8.377	46393316.0
?-?-I116N-H		0.635	14.283	120.411	8.377	22087728.0
?-?-I116N-H		0.006	16.145	120.398	8.377	24698426.0
?-?-V126N-H		1.562	28.117	118.672	8.377	3157752.0
?-?-V126N-H		1.146	22.062	118.723	8.377	3871278.0
?-?-G131N-H		2.232	41.097	103.380	8.377	14885918.0
?-?-G131N-H		2.582	37.654	103.401	8.377	5245336.0
?-?-G131N-H		3.556	45.676	103.383	8.377	53170924.0
?-?-I116N-H		0.747	21.604	120.408	8.378	3173058.0
?-?-G131N-H		2.853	41.075	103.396	8.378	8922606.0
?-?-G131N-H		0.650	20.190	103.396	8.378	12024217.0
?-?-G131N-H		4.080	45.670	103.387	8.378	34080440.0
?-?-I116N-H		1.876	33.211	120.398	8.379	2821509.0
?-?-V126N-H		5.160	60.350	118.660	8.379	7832806.0
?-?-V126N-H		4.957	57.799	118.656	8.380	416251264.0
?-?-V126N-H		5.134	51.515	118.658	8.380	12820492.0
?-?-V126N-H		3.617	72.100	118.664	8.380	19825910.0
?-?-V126N-H		3.870	63.391	118.654	8.380	39788412.0
?-?-V126N-H		1.041	21.986	118.660	8.380	13294288.0
?-?-G131N-H		0.681	21.150	103.337	8.380	2937912.0
?-?-V126N-H		1.331	33.687	118.656	8.380	145085104.0
?-?-I116N-H		1.210	20.186	120.418	8.381	4378934.0
?-?-V126N-H		0.198	17.562	118.657	8.381	44334248.0
?-?-V126N-H		1.207	20.190	118.657	8.381	34367952.0
?-?-V126N-H		0.851	23.437	118.658	8.381	83821560.0
?-?-V126N-H		0.409	22.907	118.661	8.381	57827264.0
?-?-V126N-H		4.391	59.545	118.657	8.381	72038504.0
?-?-V126N-H		1.647	33.600	118.657	8.381	148800560.0
?-?-V126N-H		0.649	20.207	118.656	8.381	90895144.0
?-?-V126N-H		0.674	21.175	118.659	8.381	128152216.0
?-?-G131N-H		6.823	132.534	103.384	8.382	3147545.0
?-?-I116N-H		4.089	55.580	120.339	8.383	4108969.0
?-?-V126N-H		4.489	61.946	118.700	8.384	4561110.0
?-?-V126N-H		1.493	26.938	118.701	8.384	6093794.0
?-?-V126N-H		1.562	34.489	118.669	8.384	9607055.0
?-?-L142N-H		3.636	65.179	121.756	8.384	7426933.0
?-?-V126N-H		4.510	60.076	118.684	8.385	5917652.0
?-?-V126N-H		0.583	19.003	118.660	8.385	4566694.0
?-?-L142N-H		1.146	22.049	121.761	8.385	17999286.0
?-?-L142N-H		-0.282	24.403	121.761	8.385	12317065.0
?-?-L142N-H		0.888	23.908	121.744	8.385	26461366.0
?-?-C146N-H		2.855	28.354	124.350	8.385	2774870.0
?-?-L142N-H		4.827	50.619	121.750	8.386	27594286.0
?-?-L142N-H		4.090	55.578	121.749	8.386	321408704.0
?-?-L142N-H		0.234	21.773	121.758	8.386	50833060.0
?-?-L142N-H		1.552	42.673	121.752	8.386	23930646.0
?-?-L142N-H		0.638	42.679	121.746	8.386	55652952.0
?-?-L142N-H		2.796	32.214	121.740	8.386	20581018.0
?-?-L142N-H		1.413	26.064	121.746	8.386	9128568.0
?-?-L142N-H		4.910	53.314	121.748	8.386	70117520.0
?-?-L142N-H		1.608	27.448	121.751	8.386	78259096.0
?-?-L142N-H		0.817	25.716	121.748	8.386	45810408.0
?-?-L142N-H		1.622	44.245	121.743	8.386	115736048.0
?-?-L142N-H		4.990	55.891	121.722	8.387	5887495.0
?-?-L142N-H		0.720	18.992	121.745	8.387	4767972.0
?-?-L142N-H		3.511	65.233	121.747	8.387	17678378.0
?-?-C146N-H		4.085	61.341	124.369	8.387	6514253.0
?-?-L142N-H		5.144	58.811	121.736	8.389	4343480.0
?-?-C146N-H		2.929	28.484	124.383	8.393	2400410.0
?-?-G131N-H		2.967	37.580	103.375	8.398	2563761.0
?-?-C146N-H		4.477	58.529	124.352	8.400	1556688.0
?-?-C146N-H		6.828	65.473	124.071	8.401	2394911.0
?-?-L138N-H		2.142	37.197	125.427	8.401	4251602.0
?-?-L138N-H		2.414	26.664	125.422	8.401	4506600.0
?-?-L138N-H		1.402	26.049	125.428	8.401	4155193.0
?-?-L138N-H		3.841	63.144	125.435	8.403	4344018.0
?-?-L138N-H		-0.286	24.382	125.424	8.403	3823461.0
?-?-L138N-H		2.992	37.977	125.429	8.404	25224474.0
?-?-L138N-H		2.591	37.967	125.434	8.404	12533828.0
?-?-L138N-H		4.826	53.731	125.429	8.404	196266528.0
?-?-L138N-H		4.052	63.124	125.390	8.404	2888406.0
?-?-L138N-H		4.185	60.451	125.402	8.404	4348554.0
?-?-L138N-H		5.063	59.346	125.430	8.404	112107816.0
?-?-L138N-H		1.050	21.335	125.427	8.404	31131916.0
?-?-L138N-H		3.678	58.368	125.430	8.404	69846760.0
?-?-L138N-H		1.676	42.269	125.433	8.404	78436336.0
?-?-L138N-H		1.495	42.269	125.427	8.404	39426744.0
?-?-L138N-H		1.038	27.714	125.430	8.404	93031848.0
?-?-L138N-H		0.764	25.549	125.429	8.404	38031332.0
?-?-L138N-H		0.634	22.172	125.430	8.404	29167110.0
?-?-L138N-H		2.154	26.577	125.436	8.405	7865725.0
?-?-L138N-H		4.130	72.714	125.422	8.405	12934417.0
?-?-L138N-H		0.003	16.187	125.399	8.409	3037668.0
?-?-N132ND2-HD21		2.275	34.330	115.120	8.415	4889798.0
?-?-N132ND2-HD21		6.512	117.354	115.108	8.415	6072696.0
?-?-N132ND2-HD21		7.078	114.383	115.135	8.417	5920032.0
?-?-N132ND2-HD21		6.756	133.351	115.129	8.417	10690978.0
?-?-N132ND2-HD21		4.753	53.162	115.139	8.417	11726328.0
?-?-N132ND2-HD21		2.995	37.544	115.130	8.417	66045840.0
?-?-N132ND2-HD21		2.652	37.547	115.128	8.417	30994454.0
?-?-E134N-H		3.114	43.831	118.693	8.435	5774986.0
?-?-E134N-H		1.208	20.173	118.673	8.435	4987241.0
?-?-E134N-H		1.845	33.179	118.675	8.439	4442842.0
?-?-E134N-H		0.652	20.149	118.675	8.439	6624328.0
?-?-E134N-H		0.409	22.927	118.699	8.439	9997969.0
?-?-E134N-H		6.751	133.291	118.678	8.439	2688562.0
?-?-E134N-H		5.769	54.072	118.679	8.440	335714176.0
?-?-E134N-H		5.266	55.816	118.670	8.440	7550656.0
?-?-E134N-H		2.910	43.810	118.674	8.440	6724631.0
?-?-E134N-H		1.562	34.507	118.679	8.440	90540208.0
?-?-E134N-H		1.653	33.592	118.662	8.440	5226162.0
?-?-E134N-H		1.496	26.871	118.680	8.440	29285692.0
?-?-E134N-H		4.489	61.906	118.690	8.440	22364670.0
?-?-E134N-H		4.391	59.538	118.677	8.440	27178274.0
?-?-E134N-H		0.739	21.598	118.686	8.440	13553835.0
?-?-E134N-H		0.649	21.335	118.683	8.440	117927896.0
?-?-E134N-H		0.197	17.554	118.679	8.440	95919960.0
?-?-E134N-H		4.670	55.798	118.681	8.440	101614112.0
?-?-E134N-H		2.466	35.377	118.679	8.440	28848106.0
?-?-E134N-H		2.405	35.390	118.678	8.440	21694048.0
?-?-E134N-H		2.269	34.303	118.680	8.440	61742824.0
?-?-E134N-H		6.517	117.342	118.676	8.441	6569680.0
?-?-E134N-H		1.158	22.059	118.699	8.442	2950074.0
?-?-V94N-H		3.036	41.824	120.741	8.465	6387091.0
?-?-V94N-H		0.427	29.338	120.764	8.465	3417428.0
?-?-V94N-H		4.358	57.783	120.724	8.466	5348997.0
?-?-V94N-H		0.583	19.040	120.752	8.466	16569575.0
?-?-V94N-H		0.004	16.101	120.775	8.466	4542712.0
?-?-V94N-H		1.174	29.305	120.751	8.466	6844980.0
?-?-V94N-H		0.543	14.955	120.725	8.467	5296030.0
?-?-V94N-H		1.686	29.008	120.743	8.467	14318409.0
?-?-V94N-H		1.875	31.310	120.751	8.467	297712640.0
?-?-V94N-H		0.850	21.491	120.746	8.467	71053560.0
?-?-V94N-H		0.949	23.585	120.751	8.467	310129152.0
?-?-V94N-H		4.664	54.346	120.752	8.468	340666848.0
?-?-V94N-H		1.582	23.559	120.754	8.468	18986514.0
?-?-V94N-H		1.328	23.588	120.752	8.468	15796394.0
?-?-V94N-H		0.637	14.270	120.749	8.468	76931568.0
?-?-V94N-H		1.748	35.755	120.752	8.468	101383248.0
?-?-S143N-H		3.958	50.788	115.818	8.468	13224810.0
?-?-V94N-H		3.139	66.181	120.752	8.468	103686672.0
?-?-V94N-H		0.975	42.989	120.730	8.469	4545270.0
?-?-V94N-H		1.867	38.310	120.755	8.469	5799424.0
?-?-S143N-H		4.910	53.320	115.822	8.469	201149888.0
?-?-S143N-H		0.887	23.899	115.823	8.469	33409200.0
?-?-S143N-H		1.621	44.240	115.819	8.469	91016960.0
?-?-S143N-H		1.608	27.458	115.816	8.469	26972204.0
?-?-S143N-H		4.767	58.134	115.819	8.469	72542944.0
?-?-S143N-H		3.983	62.623	115.821	8.469	84963528.0
?-?-S143N-H		3.854	62.625	115.818	8.469	147019584.0
?-?-S143N-H		3.517	65.222	115.813	8.470	5838367.0
?-?-S143N-H		0.820	25.724	115.833	8.470	11434926.0
?-?-S143N-H		3.634	65.194	115.863	8.473	3156956.0
?-?-Y127N-H		4.078	45.648	128.380	8.515	3289015.0
?-?-Y127N-H		1.339	33.688	128.364	8.516	4036305.0
?-?-Y127N-H		2.245	41.082	128.346	8.518	3798050.0
?-?-Y127N-H		3.442	42.504	128.409	8.518	2559442.0
?-?-Y127N-H		1.493	26.867	128.374	8.518	10895535.0
?-?-Y127N-H		0.850	23.434	128.369	8.519	17347784.0
?-?-Y127N-H		4.959	57.799	128.386	8.519	3824836.0
?-?-Y127N-H		1.563	34.487	128.372	8.519	9351197.0
?-?-Y127N-H		6.513	117.367	128.383	8.519	5939232.0
?-?-Y127N-H		0.674	21.162	128.371	8.520	48825228.0
?-?-Y127N-H		0.650	20.203	128.370	8.520	95851448.0
?-?-Y127N-H		5.769	54.072	128.366	8.520	48114172.0
?-?-Y127N-H		2.846	41.159	128.339	8.520	2405978.0
?-?-Y127N-H		1.647	33.600	128.373	8.520	18418136.0
?-?-Y127N-H		4.390	59.543	128.369	8.520	370202240.0
?-?-Y127N-H		4.503	60.103	128.370	8.520	56252292.0
?-?-Y127N-H		2.948	37.676	128.368	8.520	42173664.0
?-?-Y127N-H		2.582	37.685	128.367	8.520	91397864.0
?-?-Y127N-H		6.754	133.341	128.370	8.520	44564468.0
?-?-Y127N-H		1.216	20.112	128.382	8.521	3260122.0
?-?-Y127N-H		0.196	17.564	128.367	8.521	14454996.0
?-?-Y127N-H		5.134	51.547	128.366	8.521	7115306.0
?-?-Y127N-H		4.751	53.155	128.358	8.522	5078916.0
?-?-Y127N-H		3.556	45.697	128.369	8.522	5523051.0
?-?-Y127N-H		2.692	42.514	128.390	8.522	2526035.0
?-?-S99N-H		3.844	62.623	116.029	8.533	3691176.0
?-?-S99N-H		4.910	53.330	116.024	8.539	7041362.0
?-?-S99N-H		1.147	22.026	116.020	8.539	8483631.0
?-?-S99N-H		7.037	124.440	116.057	8.539	3624311.0
?-?-S99N-H		4.995	55.887	116.018	8.540	134501456.0
?-?-S99N-H		3.968	50.786	116.008	8.540	15436544.0
?-?-S99N-H		1.622	44.232	116.011	8.540	26185302.0
?-?-S99N-H		0.638	42.673	116.030	8.540	8571254.0
?-?-S99N-H		2.795	32.222	116.017	8.540	203161456.0
?-?-S99N-H		1.916	27.623	115.993	8.540	3645130.0
?-?-S99N-H		4.351	63.262	116.014	8.540	19984726.0
?-?-S99N-H		7.026	114.582	116.042	8.540	2302469.0
?-?-S99N-H		4.092	55.591	116.007	8.541	9211206.0
?-?-S99N-H		4.766	58.166	116.019	8.541	11120755.0
?-?-S99N-H		0.880	23.837	116.007	8.541	5499996.0
?-?-S99N-H		0.231	21.790	116.028	8.541	10008051.0
?-?-S99N-H		-0.284	24.398	116.012	8.541	6025096.0
?-?-S99N-H		1.985	32.188	116.022	8.541	8783016.0
?-?-S99N-H		3.988	62.681	115.995	8.541	2943443.0
?-?-S99N-H		5.146	58.825	116.016	8.541	56612492.0
?-?-S99N-H		3.641	65.213	116.020	8.541	31274010.0
?-?-S99N-H		3.511	65.219	116.015	8.541	62024564.0
?-?-S99N-H		0.716	18.943	116.006	8.542	6904160.0
?-?-S99N-H		0.415	23.010	115.989	8.542	2733956.0
?-?-S99N-H		1.553	42.715	115.984	8.542	3008245.0
?-?-S99N-H		2.014	27.388	116.018	8.542	2609948.0
?-?-S99N-H		1.606	27.453	116.026	8.542	7189852.0
?-?-S99N-H		0.817	25.728	116.033	8.542	7767014.0
?-?-S99N-H		0.850	23.480	116.028	8.543	5983730.0
?-?-S99N-H		0.547	14.928	115.994	8.543	2934877.0
?-?-S99N-H		4.927	63.025	116.028	8.543	5900205.0
?-?-S99N-H		4.833	50.614	115.995	8.545	3990156.0
?-?-V125N-H		2.253	37.679	119.094	8.552	4185762.0
?-?-V125N-H		1.207	20.189	119.113	8.554	9728528.0
?-?-V125N-H		0.570	19.176	119.090	8.554	3595291.0
?-?-V125N-H		4.392	59.552	119.107	8.555	3987048.0
?-?-V125N-H		5.268	55.805	119.131	8.556	56193960.0
?-?-V125N-H		4.672	55.800	119.138	8.556	8816225.0
?-?-V125N-H		0.647	21.342	119.131	8.556	163949664.0
?-?-V125N-H		4.490	61.913	119.127	8.556	427260544.0
?-?-V125N-H		1.499	26.839	119.112	8.556	4079568.0
?-?-V125N-H		1.900	31.136	119.127	8.556	5062702.0
?-?-V125N-H		4.956	57.798	119.127	8.556	62623348.0
?-?-V125N-H		1.332	33.694	119.127	8.556	20544544.0
?-?-V125N-H		0.409	22.904	119.128	8.556	87988112.0
?-?-V125N-H		0.197	17.551	119.127	8.556	239688784.0
?-?-V125N-H		5.124	55.112	119.106	8.557	2499224.0
?-?-V125N-H		0.846	23.425	119.155	8.557	6944839.0
?-?-V125N-H		0.737	21.607	119.136	8.557	52421088.0
?-?-V125N-H		2.125	32.537	119.122	8.557	6741991.0
?-?-V125N-H		1.856	33.128	119.133	8.557	17196832.0
?-?-V125N-H		1.562	34.512	119.130	8.557	9651130.0
?-?-V125N-H		2.455	35.454	119.138	8.557	5051614.0
?-?-V125N-H		2.059	37.628	119.133	8.557	2787215.0
?-?-V125N-H		2.407	35.454	119.138	8.557	5801854.0
?-?-V125N-H		3.869	63.426	119.117	8.558	6670602.0
?-?-V125N-H		1.216	31.752	119.103	8.559	2881139.0
?-?-V125N-H		2.269	34.280	119.132	8.559	8703574.0
?-?-V125N-H		1.139	22.052	119.124	8.560	5603770.0
?-?-V125N-H		0.235	21.799	119.142	8.561	4474982.0
?-?-D117N-H		4.358	57.769	126.948	8.601	2803868.0
?-?-D117N-H		1.042	27.635	127.016	8.603	2434202.0
?-?-D117N-H		5.068	59.348	127.042	8.604	2700154.0
?-?-D117N-H		4.122	72.716	127.028	8.604	2950288.0
?-?-D117N-H		0.635	22.157	126.998	8.605	7522190.0
?-?-D117N-H		0.981	43.006	127.000	8.605	12498389.0
?-?-D117N-H		2.607	32.539	127.006	8.605	14081852.0
?-?-D117N-H		5.121	55.235	127.008	8.606	65916472.0
?-?-D117N-H		0.006	16.134	127.008	8.606	111533216.0
?-?-D117N-H		1.170	29.318	127.017	8.606	9199651.0
?-?-D117N-H		0.762	25.552	127.011	8.606	9123962.0
?-?-D117N-H		3.075	32.537	127.001	8.606	9045891.0
?-?-D117N-H		4.122	61.685	127.008	8.606	217008960.0
?-?-D117N-H		4.736	52.088	127.007	8.606	40963076.0
?-?-D117N-H		3.120	40.975	127.008	8.606	48599948.0
?-?-D117N-H		2.152	40.977	127.010	8.606	40807364.0
?-?-D117N-H		0.429	29.340	126.995	8.607	9307967.0
?-?-D117N-H		3.681	57.717	127.014	8.608	3539590.0
?-?-D117N-H		0.725	21.655	126.986	8.608	2892655.0
?-?-D117N-H		0.579	19.038	127.003	8.608	4454528.0
?-?-D117N-H		0.635	14.230	127.008	8.608	8454461.0
?-?-D117N-H		1.053	21.290	126.993	8.609	3959584.0
?-?-D117N-H		0.946	23.654	127.089	8.610	3127304.0
?-?-F118N-H		4.227	58.796	122.845	8.615	2861188.0
?-?-F118N-H		3.256	39.049	122.823	8.618	21394396.0
?-?-F118N-H		2.915	39.051	122.827	8.618	34659000.0
?-?-F118N-H		4.737	52.082	122.826	8.619	75270072.0
?-?-F118N-H		0.004	16.152	122.820	8.619	13454910.0
?-?-F118N-H		2.150	41.010	122.828	8.619	6207534.0
?-?-F118N-H		4.073	61.858	122.825	8.619	24985850.0
?-?-F118N-H		1.964	32.238	122.830	8.620	3433713.0
?-?-F118N-H		0.822	23.415	122.831	8.622	2308742.0
?-?-F118N-H		7.338	131.523	122.843	8.623	2856242.0
?-?-F118N-H		3.115	40.944	122.878	8.624	2705551.0
?-?-R133N-H		0.653	20.189	118.008	8.645	7356932.0
?-?-R133N-H		0.660	21.258	118.004	8.646	16046812.0
?-?-R133N-H		4.750	53.181	118.001	8.647	323691040.0
?-?-R133N-H		4.672	55.809	117.994	8.647	5112838.0
?-?-R133N-H		2.651	37.547	118.004	8.647	51940668.0
?-?-R133N-H		2.273	34.254	118.019	8.647	4650044.0
?-?-R133N-H		3.114	43.839	118.011	8.647	15774353.0
?-?-R133N-H		2.917	43.815	118.004	8.647	12369902.0
?-?-R133N-H		1.562	34.511	118.001	8.647	132199568.0
?-?-R133N-H		1.494	26.870	118.000	8.647	109370776.0
?-?-R133N-H		2.994	37.545	117.998	8.648	100194552.0
?-?-R133N-H		4.396	59.538	118.001	8.648	9082505.0
?-?-R133N-H		5.769	54.073	117.998	8.648	82332256.0
?-?-G106N-H		4.555	58.794	110.171	8.652	3521228.0
?-?-G106N-H		0.585	17.380	110.184	8.656	41493632.0
?-?-G106N-H		4.627	52.641	110.182	8.656	30124294.0
?-?-G106N-H		3.497	58.170	110.180	8.656	8209145.0
?-?-G106N-H		3.823	29.202	110.183	8.656	7258650.0
?-?-G106N-H		2.431	29.154	110.191	8.656	2671225.0
?-?-G106N-H		0.063	27.760	110.183	8.657	4388904.0
?-?-G106N-H		-0.538	27.686	110.160	8.657	3995978.0
?-?-G106N-H		2.227	42.352	110.181	8.657	6520222.0
?-?-G106N-H		3.848	61.392	110.179	8.657	19812598.0
?-?-G106N-H		5.383	54.749	110.162	8.657	2787833.0
?-?-G106N-H		3.952	46.616	110.185	8.657	79927224.0
?-?-G106N-H		3.564	46.616	110.185	8.657	141145072.0
?-?-G106N-H		3.046	42.391	110.172	8.658	6221390.0
?-?-G106N-H		3.200	28.665	110.192	8.658	5140806.0
?-?-G106N-H		4.342	60.416	110.178	8.658	3570090.0
?-?-G106N-H		0.822	13.624	110.154	8.660	3205061.0
?-?-E135N-H		0.200	17.559	124.361	8.686	6896330.0
?-?-E135N-H		4.670	55.797	124.362	8.688	509841120.0
?-?-E135N-H		2.457	35.391	124.364	8.688	57984548.0
?-?-E135N-H		2.398	35.385	124.362	8.688	67416312.0
?-?-E135N-H		2.273	34.300	124.362	8.688	162519584.0
?-?-E135N-H		4.492	61.916	124.359	8.688	15356876.0
?-?-T128N-H		2.171	27.751	125.502	8.688	4612078.0
?-?-E135N-H		4.538	53.802	124.392	8.688	4233909.0
?-?-E135N-H		5.761	54.025	124.356	8.688	3154370.0
?-?-E135N-H		3.844	64.659	124.363	8.688	3670778.0
?-?-E135N-H		5.268	55.808	124.363	8.688	108711912.0
?-?-E135N-H		2.258	37.625	124.361	8.688	36327712.0
?-?-E135N-H		2.055	37.609	124.366	8.688	40019524.0
?-?-E135N-H		1.927	31.157	124.363	8.688	234473536.0
?-?-E135N-H		0.738	21.629	124.369	8.689	22291666.0
?-?-E135N-H		0.648	21.372	124.368	8.689	16783424.0
?-?-T128N-H		0.674	21.119	125.517	8.691	2851382.0
?-?-T128N-H		5.132	51.532	125.515	8.692	244414080.0
?-?-T128N-H		4.503	60.107	125.516	8.692	297367488.0
?-?-T128N-H		2.947	37.675	125.520	8.692	25743756.0
?-?-T128N-H		2.583	37.673	125.504	8.692	11287832.0
?-?-T128N-H		2.101	32.994	125.522	8.692	20389784.0
?-?-T128N-H		2.332	27.714	125.526	8.692	13811778.0
?-?-T128N-H		1.044	21.957	125.494	8.692	4811064.0
?-?-T128N-H		4.200	51.172	125.510	8.692	4367129.0
?-?-T128N-H		3.843	64.649	125.517	8.692	91405496.0
?-?-T128N-H		3.859	69.039	125.518	8.692	162898592.0
?-?-T128N-H		1.214	22.517	125.525	8.692	54400040.0
?-?-T128N-H		6.756	133.286	125.529	8.693	9740457.0
?-?-T128N-H		2.572	32.977	125.513	8.693	5855466.0
?-?-T128N-H		0.850	23.442	125.524	8.693	67408352.0
?-?-T128N-H		0.651	20.217	125.524	8.693	9326637.0
?-?-S139N-H		2.163	26.657	110.891	8.739	3042907.0
?-?-S139N-H		4.863	54.569	110.927	8.741	4377309.0
?-?-S139N-H		4.828	53.718	110.912	8.742	14617586.0
?-?-S139N-H		2.157	37.355	110.900	8.742	3073400.0
?-?-S139N-H		0.636	22.224	110.944	8.743	6881124.0
?-?-S139N-H		2.586	37.965	110.923	8.743	18794810.0
?-?-S139N-H		5.051	59.374	110.929	8.743	5125692.0
?-?-S139N-H		3.681	58.405	110.916	8.744	21166872.0
?-?-S139N-H		1.676	42.268	110.918	8.744	35774188.0
?-?-S139N-H		2.804	41.634	110.918	8.744	3465589.0
?-?-S139N-H		0.766	25.560	110.922	8.744	10348757.0
?-?-S139N-H		1.039	27.715	110.931	8.744	5876869.0
?-?-S139N-H		2.417	26.665	110.947	8.744	2860828.0
?-?-S139N-H		4.181	60.446	110.919	8.744	85265032.0
?-?-S139N-H		4.051	63.144	110.921	8.744	53094816.0
?-?-S139N-H		3.838	63.142	110.920	8.744	91377096.0
?-?-S139N-H		1.496	42.267	110.928	8.745	20831888.0
?-?-S139N-H		2.992	37.978	110.928	8.745	39350572.0
?-?-S139N-H		1.418	26.018	110.899	8.745	3768817.0
?-?-S139N-H		0.828	23.735	110.931	8.746	3321727.0
?-?-S139N-H		0.895	25.052	110.925	8.746	4807448.0
?-?-S139N-H		1.054	21.384	110.928	8.749	3276867.0
?-?-C107N-H		0.586	17.386	120.399	8.786	36310320.0
?-?-C107N-H		3.951	46.597	120.399	8.786	27157014.0
?-?-C107N-H		3.563	46.612	120.398	8.786	32344396.0
?-?-C107N-H		3.049	42.308	120.412	8.786	7399428.0
?-?-C107N-H		4.551	58.783	120.402	8.786	72528104.0
?-?-C107N-H		0.817	13.696	120.393	8.787	3591948.0
?-?-C107N-H		4.629	52.637	120.407	8.787	8389577.0
?-?-C107N-H		2.228	42.375	120.412	8.787	5491535.0
?-?-C107N-H		1.542	29.450	120.408	8.787	2958898.0
?-?-C107N-H		3.824	29.205	120.398	8.787	13801593.0
?-?-C107N-H		4.356	60.447	120.404	8.787	7443225.0
?-?-C107N-H		3.193	28.707	120.402	8.787	118995632.0
?-?-C107N-H		2.585	28.710	120.401	8.787	53146420.0
?-?-C107N-H		2.434	29.197	120.393	8.788	6665224.0
?-?-C107N-H		4.319	61.519	120.362	8.789	3522102.0
?-?-C107N-H		5.387	54.885	120.430	8.793	2996389.0
?-?-C98N-H		2.571	32.970	115.462	8.883	2989405.0
?-?-C98N-H		5.136	51.533	115.419	8.884	4030773.0
?-?-C98N-H		2.024	27.540	115.441	8.884	3272317.0
?-?-C98N-H		3.012	42.278	115.436	8.885	5006597.0
?-?-C98N-H		1.040	21.985	115.423	8.886	24489434.0
?-?-C98N-H		4.869	55.905	115.422	8.886	339281312.0
?-?-C98N-H		2.122	33.218	115.421	8.886	58957724.0
?-?-C98N-H		1.923	27.520	115.411	8.886	6776156.0
?-?-C98N-H		1.743	29.222	115.423	8.886	14390279.0
?-?-C98N-H		1.710	25.600	115.420	8.886	11780336.0
?-?-C98N-H		1.538	25.580	115.423	8.886	16363338.0
?-?-C98N-H		5.158	60.364	115.424	8.886	54183236.0
?-?-C98N-H		5.146	58.816	115.437	8.886	5223094.0
?-?-C98N-H		4.991	55.890	115.418	8.886	61907640.0
?-?-C98N-H		0.850	23.430	115.416	8.887	18180012.0
?-?-C98N-H		0.234	21.733	115.422	8.887	2753719.0
?-?-C98N-H		3.970	50.783	115.447	8.887	6251780.0
?-?-C98N-H		3.616	72.099	115.414	8.887	4304609.0
?-?-C98N-H		1.981	32.184	115.419	8.887	17834064.0
?-?-C98N-H		1.794	33.206	115.423	8.887	23186520.0
?-?-C98N-H		4.925	62.989	115.420	8.887	9464329.0
?-?-C98N-H		2.791	32.222	115.416	8.887	27402184.0
?-?-C98N-H		1.564	28.139	115.443	8.888	4128182.0
?-?-C98N-H		4.355	63.285	115.422	8.888	6131420.0
?-?-C98N-H		0.404	22.888	115.418	8.889	3211103.0
?-?-C98N-H		0.541	14.887	115.430	8.891	3357668.0
?-?-K93N-H		4.645	55.619	120.168	8.917	3581132.0
?-?-K93N-H		2.924	41.646	120.146	8.919	8335373.0
?-?-K93N-H		4.774	56.900	120.145	8.920	194303936.0
?-?-K93N-H		3.211	41.660	120.141	8.920	18328504.0
?-?-K93N-H		3.005	32.295	120.145	8.920	29539840.0
?-?-K93N-H		2.783	32.283	120.150	8.920	13207470.0
?-?-K93N-H		4.664	54.344	120.140	8.920	50145864.0
?-?-K93N-H		1.578	23.576	120.143	8.920	31418248.0
?-?-K93N-H		1.334	23.565	120.149	8.920	24841612.0
?-?-K93N-H		3.040	41.815	120.155	8.920	6745710.0
?-?-K93N-H		0.636	14.259	120.146	8.921	13256019.0
?-?-K93N-H		0.542	14.961	120.146	8.921	25214276.0
?-?-K93N-H		1.806	35.760	120.142	8.921	45559588.0
?-?-K93N-H		1.742	35.742	120.142	8.921	29360768.0
?-?-K93N-H		1.687	29.025	120.152	8.923	13089835.0
?-?-K93N-H		0.584	18.990	120.124	8.925	4137356.0
?-?-A100N-H		1.553	29.506	123.842	8.938	3052835.0
?-?-A100N-H		0.726	29.325	123.870	8.938	2818060.0
?-?-A111N-H		3.867	69.069	124.914	8.939	4380002.0
?-?-A100N-H		0.808	13.712	123.956	8.940	2792812.0
?-?-A100N-H		0.785	13.987	123.842	8.941	4077408.0
?-?-A100N-H		0.194	17.519	123.833	8.941	4642453.0
?-?-A100N-H		2.559	32.975	123.835	8.941	3475956.0
?-?-A111N-H		1.984	32.195	124.900	8.941	3741536.0
?-?-A100N-H		0.405	22.850	123.826	8.942	2892586.0
?-?-A100N-H		1.617	44.308	123.831	8.942	4634556.0
?-?-A100N-H		0.816	25.692	123.857	8.942	9568704.0
?-?-A100N-H		4.328	61.551	123.838	8.942	15882847.0
?-?-A111N-H		5.075	56.084	124.926	8.942	2618230.0
?-?-A100N-H		0.721	18.981	123.848	8.943	59182008.0
?-?-A100N-H		3.456	42.484	123.847	8.943	3044341.0
?-?-A100N-H		3.640	65.211	123.848	8.943	60458964.0
?-?-A100N-H		3.511	65.213	123.847	8.943	42997216.0
?-?-A100N-H		5.147	58.822	123.848	8.943	235701840.0
?-?-A111N-H		3.017	42.262	124.885	8.943	3355526.0
?-?-A100N-H		4.828	50.608	123.850	8.943	64143232.0
?-?-A100N-H		1.145	22.046	123.849	8.943	132801808.0
?-?-A100N-H		5.065	56.110	123.844	8.944	5535152.0
?-?-A100N-H		0.224	21.765	123.858	8.944	4299832.0
?-?-A100N-H		0.850	23.436	123.851	8.944	28327078.0
?-?-A100N-H		2.704	42.413	123.847	8.944	6313925.0
?-?-A100N-H		1.428	39.159	123.810	8.944	2996082.0
?-?-A100N-H		4.357	60.404	123.849	8.944	4026419.0
?-?-A100N-H		4.926	62.946	123.851	8.944	28608486.0
?-?-A111N-H		3.972	51.245	124.904	8.944	3783055.0
?-?-A111N-H		1.215	22.546	124.910	8.944	5896030.0
?-?-A111N-H		1.143	22.034	124.931	8.944	7608422.0
?-?-A111N-H		3.641	65.210	124.919	8.944	9863837.0
?-?-A111N-H		1.733	29.320	124.901	8.944	3382650.0
?-?-A100N-H		4.089	55.724	123.875	8.944	2468820.0
?-?-A100N-H		6.518	117.367	123.844	8.945	8670433.0
?-?-A111N-H		4.194	51.147	124.915	8.945	5324118.0
?-?-A111N-H		4.993	55.881	124.912	8.945	5200206.0
?-?-A111N-H		4.870	55.921	124.931	8.945	10031694.0
?-?-A111N-H		1.045	21.995	124.906	8.945	6495283.0
?-?-A111N-H		0.730	18.944	124.906	8.945	3929767.0
?-?-A111N-H		2.570	32.981	124.917	8.945	51092884.0
?-?-A111N-H		2.102	32.995	124.917	8.945	43296444.0
?-?-A111N-H		1.332	33.665	124.919	8.945	3778273.0
?-?-A111N-H		2.174	27.692	124.913	8.945	8856464.0
?-?-A111N-H		5.147	58.822	124.918	8.945	80621840.0
?-?-A111N-H		4.503	60.122	124.909	8.945	6561717.0
?-?-A111N-H		4.925	62.968	124.919	8.945	429319712.0
?-?-A111N-H		5.131	51.532	124.919	8.945	59409368.0
?-?-A111N-H		0.849	23.442	124.918	8.945	138243344.0
?-?-A100N-H		6.756	133.336	123.861	8.946	2437406.0
?-?-A111N-H		3.512	65.152	124.940	8.946	5209462.0
?-?-A111N-H		2.793	32.257	124.926	8.946	4001560.0
?-?-A111N-H		5.155	60.365	124.911	8.946	6569062.0
?-?-A111N-H		0.412	22.848	124.919	8.947	3196102.0
?-?-A111N-H		2.327	27.676	124.909	8.947	6882994.0
?-?-I101N-H		0.204	17.722	121.629	8.954	2992409.0
?-?-G95N-H		0.470	28.179	116.549	8.954	3113446.0
?-?-I101N-H		4.091	55.572	121.637	8.958	6347720.0
?-?-I101N-H		4.336	61.604	121.651	8.959	7905921.0
?-?-I101N-H		4.827	50.607	121.650	8.960	256723376.0
?-?-I101N-H		1.146	22.044	121.648	8.960	126345512.0
?-?-I101N-H		0.724	29.340	121.649	8.960	5399194.0
?-?-G95N-H		1.875	31.315	116.575	8.960	20396360.0
?-?-G95N-H		4.675	54.418	116.547	8.960	2958410.0
?-?-G95N-H		4.639	55.585	116.552	8.960	3236718.0
?-?-I101N-H		4.355	60.454	121.645	8.960	49389672.0
?-?-I101N-H		0.826	13.599	121.648	8.960	43059312.0
?-?-I101N-H		0.588	17.400	121.645	8.960	30121130.0
?-?-I101N-H		0.227	21.752	121.634	8.961	6864071.0
?-?-I101N-H		0.816	25.711	121.653	8.961	18856212.0
?-?-G95N-H		3.205	41.692	116.560	8.961	4728504.0
?-?-G95N-H		1.861	38.303	116.570	8.961	71905920.0
?-?-G95N-H		3.139	66.184	116.570	8.961	373463360.0
?-?-G95N-H		0.542	14.979	116.568	8.961	10948423.0
?-?-G95N-H		1.209	20.203	116.567	8.961	5718312.0
?-?-G95N-H		1.041	21.986	116.572	8.961	24704310.0
?-?-G95N-H		0.949	23.590	116.571	8.961	43625188.0
?-?-G95N-H		0.850	21.491	116.570	8.961	155480880.0
?-?-G95N-H		0.581	19.028	116.574	8.961	48157152.0
?-?-G95N-H		4.439	44.509	116.570	8.961	81078296.0
?-?-G95N-H		3.536	44.506	116.571	8.961	142678128.0
?-?-I101N-H		1.774	38.180	121.650	8.961	161487280.0
?-?-I101N-H		1.493	28.989	121.650	8.961	98913336.0
?-?-I101N-H		0.832	28.978	121.651	8.961	25571726.0
?-?-I101N-H		0.718	18.995	121.652	8.962	7535126.0
?-?-G95N-H		4.391	53.364	116.571	8.962	15955851.0
?-?-G95N-H		5.163	60.307	116.576	8.962	3252155.0
?-?-G95N-H		3.622	72.108	116.585	8.962	5331386.0
?-?-G95N-H		3.871	63.392	116.582	8.963	4506008.0
?-?-I101N-H		1.607	27.461	121.594	8.964	3440964.0
?-?-I101N-H		0.894	23.857	121.602	8.965	3627764.0
?-?-G95N-H		0.636	14.281	116.576	8.965	6379684.0
?-?-G95N-H		1.555	28.210	116.586	8.969	4708544.0
?-?-W102N-H		3.557	46.556	132.132	9.079	3946708.0
?-?-W102N-H		2.711	42.491	132.065	9.079	3088333.0
?-?-W102N-H		6.511	117.438	132.106	9.079	3547097.0
?-?-W102N-H		3.466	42.483	132.133	9.080	2868399.0
?-?-W102N-H		0.734	29.271	132.099	9.080	3752582.0
?-?-W102N-H		4.809	50.565	132.170	9.081	2913152.0
?-?-W102N-H		0.587	17.391	132.121	9.081	80983784.0
?-?-W102N-H		7.186	134.494	132.117	9.081	18607832.0
?-?-W102N-H		4.554	58.840	132.121	9.081	4048097.0
?-?-W102N-H		4.354	60.449	132.121	9.081	280873280.0
?-?-W102N-H		4.330	61.564	132.123	9.081	35020156.0
?-?-W102N-H		1.494	29.049	132.130	9.081	8756038.0
?-?-W102N-H		0.821	25.763	132.128	9.081	2385458.0
?-?-W102N-H		1.772	38.177	132.123	9.081	12575937.0
?-?-W102N-H		5.386	54.799	132.117	9.081	43564020.0
?-?-W102N-H		3.824	29.220	132.119	9.081	67655944.0
?-?-W102N-H		2.433	29.218	132.118	9.081	65909496.0
?-?-W102N-H		1.145	22.014	132.142	9.082	6644163.0
?-?-W102N-H		0.827	28.989	132.120	9.082	8323472.0
?-?-W102N-H		1.442	39.220	132.089	9.082	2879879.0
?-?-W102N-H		0.826	13.616	132.112	9.083	12180416.0
?-?-W102N-H		3.183	28.732	132.120	9.083	4189278.0
?-?-W102N-H		0.722	18.933	132.113	9.084	5989228.0
?-?-Q136N-H		4.682	55.774	122.973	9.101	4791160.0
?-?-Q136N-H		1.141	21.960	122.959	9.101	2515594.0
?-?-Q136N-H		0.409	22.911	123.001	9.102	12998331.0
?-?-Q136N-H		0.738	21.625	123.000	9.102	22085110.0
?-?-Q136N-H		4.132	72.735	122.994	9.102	25582654.0
?-?-Q136N-H		2.255	37.621	122.991	9.102	61916632.0
?-?-Q136N-H		2.057	37.620	122.992	9.102	50914736.0
?-?-Q136N-H		2.132	32.562	122.990	9.102	23208106.0
?-?-Q136N-H		4.829	53.781	123.003	9.103	4051371.0
?-?-Q136N-H		5.268	55.806	122.986	9.103	393305792.0
?-?-Q136N-H		0.234	21.806	123.001	9.103	6673425.0
?-?-Q136N-H		1.049	21.333	122.986	9.103	9166767.0
?-?-Q136N-H		0.646	21.336	122.984	9.103	8307579.0
?-?-Q136N-H		1.930	31.144	122.993	9.103	38973844.0
?-?-Q136N-H		2.399	35.345	122.983	9.103	2732544.0
?-?-Q136N-H		5.064	59.357	122.987	9.103	10012602.0
?-?-Q136N-H		4.490	61.912	122.991	9.103	52584648.0
?-?-Q136N-H		4.534	53.752	122.989	9.103	63136872.0
?-?-Q136N-H		2.187	31.801	122.994	9.103	23344142.0
?-?-Q136N-H		1.200	31.806	122.984	9.103	51833892.0
?-?-Q136N-H		1.844	32.560	122.987	9.103	13807960.0
?-?-Q136N-H		0.196	17.534	122.994	9.104	10706939.0
?-?-Q136N-H		0.643	22.001	123.058	9.105	2726098.0
?-?-Q136N-H		2.294	34.384	122.991	9.109	2862909.0
?-?-N137N-H		5.277	55.755	119.638	9.165	3053505.0
?-?-N137N-H		4.848	54.568	119.685	9.168	5628788.0
?-?-N137N-H		4.136	72.687	119.660	9.169	3629975.0
?-?-N137N-H		4.534	53.755	119.672	9.170	337535296.0
?-?-N137N-H		1.052	21.339	119.664	9.170	14857857.0
?-?-N137N-H		0.197	17.469	119.708	9.170	3134983.0
?-?-N137N-H		2.990	41.601	119.679	9.170	14679392.0
?-?-N137N-H		2.138	32.532	119.671	9.170	16956668.0
?-?-N137N-H		1.900	31.145	119.703	9.170	2869413.0
?-?-N137N-H		1.201	31.803	119.675	9.170	28735134.0
?-?-N137N-H		5.061	59.366	119.675	9.170	10582041.0
?-?-N137N-H		2.991	37.978	119.672	9.170	47899296.0
?-?-N137N-H		0.401	22.927	119.688	9.171	4016173.0
?-?-N137N-H		0.235	21.780	119.675	9.171	10311395.0
?-?-N137N-H		2.815	41.621	119.669	9.171	29111906.0
?-?-N137N-H		2.051	37.587	119.688	9.171	3904202.0
?-?-N137N-H		2.188	31.804	119.671	9.171	74486176.0
?-?-N137N-H		1.846	32.515	119.673	9.171	8183745.0
?-?-N137N-H		3.678	58.401	119.663	9.171	3825714.0
?-?-N137N-H		4.827	53.735	119.670	9.171	74430600.0
?-?-N137N-H		2.588	37.975	119.672	9.171	118771832.0
?-?-N137N-H		1.139	22.050	119.649	9.172	2762310.0
?-?-N137N-H		1.421	26.067	119.647	9.172	2827546.0
?-?-N137N-H		-0.289	24.395	119.657	9.173	2849440.0
?-?-N137N-H		6.768	121.622	119.657	9.177	2407520.0
?-?-Y109N-H		0.204	17.546	125.546	9.243	2307021.0
?-?-Y109N-H		0.828	29.018	125.498	9.246	2825468.0
?-?-Y109N-H		0.818	25.750	125.512	9.246	5736722.0
?-?-Y109N-H		0.849	23.411	125.530	9.246	5121390.0
?-?-Y109N-H		4.830	50.628	125.479	9.247	5502388.0
?-?-Y109N-H		4.199	51.174	125.488	9.247	7824664.0
?-?-Y109N-H		3.969	51.190	125.486	9.247	8808672.0
?-?-Y109N-H		1.493	29.113	125.541	9.247	3210263.0
?-?-Y109N-H		0.724	29.411	125.493	9.247	11385215.0
?-?-Y109N-H		1.145	22.048	125.506	9.247	14975699.0
?-?-Y109N-H		4.920	62.988	125.480	9.247	3901709.0
?-?-Y109N-H		1.431	39.179	125.505	9.248	11726474.0
?-?-Y109N-H		1.556	29.404	125.493	9.248	9052219.0
?-?-Y109N-H		0.785	13.977	125.502	9.248	8536729.0
?-?-Y109N-H		0.721	18.983	125.504	9.248	102098624.0
?-?-Y109N-H		3.637	65.210	125.495	9.248	10345329.0
?-?-Y109N-H		4.354	60.436	125.506	9.248	25827776.0
?-?-Y109N-H		4.327	61.568	125.504	9.248	283322208.0
?-?-Y109N-H		5.148	58.830	125.506	9.248	10854099.0
?-?-Y109N-H		6.758	133.461	125.514	9.248	4337966.0
?-?-Y109N-H		5.061	56.099	125.504	9.248	49383328.0
?-?-Y109N-H		3.460	42.444	125.500	9.248	22657542.0
?-?-Y109N-H		2.702	42.441	125.505	9.248	49542588.0
?-?-Y109N-H		7.187	134.509	125.502	9.248	15487099.0
?-?-Y109N-H		6.517	117.350	125.507	9.248	7787618.0
?-?-Y109N-H		0.583	17.424	125.501	9.249	4002719.0
?-?-Y109N-H		3.511	65.233	125.502	9.249	6886651.0
?-?-S103N-H		1.468	36.082	126.997	9.297	4400252.0
?-?-S103N-H		2.466	35.330	127.001	9.297	4677920.0
?-?-S103N-H		3.498	58.111	126.992	9.299	5049198.0
?-?-S103N-H		2.273	34.288	126.996	9.299	5659824.0
?-?-S103N-H		2.396	35.367	127.005	9.299	4589635.0
?-?-S103N-H		0.062	27.817	127.026	9.299	3388398.0
?-?-S103N-H		-0.535	27.766	126.966	9.299	2964398.0
?-?-S103N-H		3.817	29.292	127.012	9.299	5324437.0
?-?-S103N-H		5.386	54.788	126.998	9.299	204231872.0
?-?-S103N-H		3.849	61.381	126.998	9.299	68784176.0
?-?-S103N-H		3.979	62.165	126.998	9.299	77084608.0
?-?-S103N-H		3.654	62.164	126.999	9.299	42973108.0
?-?-S103N-H		2.431	29.214	126.998	9.300	9580144.0
?-?-S103N-H		0.586	17.383	126.997	9.300	8458975.0
?-?-S103N-H		6.509	117.423	126.990	9.302	3110496.0
?-?-C123N-H		2.805	41.723	114.246	9.352	3073557.0
?-?-C123N-H		-0.270	24.439	114.310	9.355	3223786.0
?-?-C123N-H		4.535	53.772	114.260	9.357	5460712.0
?-?-C123N-H		3.679	58.426	114.277	9.357	4950471.0
?-?-C123N-H		0.412	22.897	114.272	9.357	5763094.0
?-?-C123N-H		0.633	22.156	114.273	9.357	12753933.0
?-?-C123N-H		1.051	21.331	114.275	9.357	54579904.0
?-?-C123N-H		2.055	37.627	114.271	9.357	18191352.0
?-?-C123N-H		4.132	72.732	114.271	9.357	244050480.0
?-?-C123N-H		1.893	31.151	114.288	9.357	7546936.0
?-?-C123N-H		0.762	25.578	114.282	9.357	5603274.0
?-?-C123N-H		4.493	61.901	114.285	9.357	6847330.0
?-?-C123N-H		4.120	61.665	114.281	9.357	7328934.0
?-?-C123N-H		5.063	59.348	114.271	9.357	172974880.0
?-?-C123N-H		5.121	55.237	114.274	9.357	52548572.0
?-?-C123N-H		2.609	32.544	114.271	9.357	23650886.0
?-?-C123N-H		5.268	55.804	114.269	9.358	20737350.0
?-?-C123N-H		4.827	53.729	114.276	9.358	23739200.0
?-?-C123N-H		0.580	18.973	114.223	9.358	3625910.0
?-?-C123N-H		0.233	21.723	114.285	9.358	5048210.0
?-?-C123N-H		0.741	21.619	114.283	9.358	9064493.0
?-?-C123N-H		2.255	37.613	114.276	9.358	27095978.0
?-?-C123N-H		2.188	31.807	114.252	9.358	4937070.0
?-?-C123N-H		1.039	27.766	114.275	9.358	6677926.0
?-?-C123N-H		3.080	32.531	114.266	9.358	12289040.0
?-?-C123N-H		1.202	31.790	114.277	9.359	8176544.0
?-?-C123N-H		0.002	16.162	114.288	9.360	3488388.0
?-?-A114N-H		1.649	33.559	133.945	9.474	3665124.0
?-?-A114N-H		3.071	32.484	133.982	9.474	3164042.0
?-?-A114N-H		0.480	28.206	133.963	9.476	10133260.0
?-?-A114N-H		4.476	61.987	133.969	9.476	3254318.0
?-?-A114N-H		0.857	23.391	133.986	9.477	3525706.0
?-?-A114N-H		0.853	21.497	133.965	9.477	6667271.0
?-?-A114N-H		0.663	21.249	133.962	9.477	28673274.0
?-?-A114N-H		0.538	14.979	133.966	9.477	7081396.0
?-?-A114N-H		1.861	38.302	133.971	9.477	8684739.0
?-?-A114N-H		1.335	33.672	133.966	9.477	10082504.0
?-?-A114N-H		1.556	28.175	133.945	9.477	5929214.0
?-?-A114N-H		4.957	57.793	133.966	9.478	105311096.0
?-?-A114N-H		0.949	23.597	133.962	9.478	6758265.0
?-?-A114N-H		0.410	22.911	133.960	9.478	27228580.0
?-?-A114N-H		0.581	19.025	133.965	9.478	76042288.0
?-?-A114N-H		0.199	17.515	133.954	9.478	5513748.0
?-?-A114N-H		1.860	33.188	133.968	9.478	12697402.0
?-?-A114N-H		3.142	66.240	133.944	9.478	3676252.0
?-?-A114N-H		3.871	63.399	133.966	9.478	294483872.0
?-?-A114N-H		4.394	53.367	133.963	9.478	80091584.0
?-?-A114N-H		1.207	20.192	133.964	9.478	229816272.0
?-?-A114N-H		4.359	57.771	133.971	9.479	7175844.0
?-?-A114N-H		1.044	22.045	133.960	9.479	5335497.0
?-?-A114N-H		0.639	20.154	133.958	9.479	5499390.0
?-?-A114N-H		0.638	14.272	134.003	9.479	2651915.0
?-?-A114N-H		5.163	60.384	133.972	9.481	2606568.0
?-?-W102NE1-HE1		2.271	34.303	127.682	9.965	11028186.0
?-?-W102NE1-HE1		5.382	54.778	127.705	9.965	11550353.0
?-?-W102NE1-HE1		6.834	125.060	127.681	9.965	4103796.0
?-?-W102NE1-HE1		1.516	36.103	127.700	9.965	38949460.0
?-?-W102NE1-HE1		1.452	36.103	127.700	9.965	24798344.0
?-?-W102NE1-HE1		0.058	27.725	127.707	9.966	9123520.0
?-?-W102NE1-HE1		-0.534	27.732	127.695	9.966	16227528.0
?-?-W102NE1-HE1		3.504	58.088	127.690	9.966	4736150.0
?-?-W102NE1-HE1		6.514	117.384	127.670	9.966	5531620.0
?-?-W102NE1-HE1		7.077	114.376	127.697	9.966	45319504.0
?-?-W102NE1-HE1		2.408	35.369	127.721	9.967	5493277.0
?-?-W102NE1-HE1		2.991	37.530	127.693	9.967	4721735.0
?-?-W102NE1-HE1		2.648	37.458	127.678	9.968	2668094.0
?-?-W92NE1-HE1		4.092	55.630	128.344	10.056	4442557.0
?-?-W92NE1-HE1		2.049	33.436	128.368	10.057	5482301.0
?-?-W92NE1-HE1		1.967	33.380	128.374	10.057	5728619.0
?-?-W92NE1-HE1		0.232	21.847	128.354	10.058	5682255.0
?-?-W92NE1-HE1		0.544	14.948	128.338	10.058	3374702.0
?-?-W92NE1-HE1		0.638	22.190	128.370	10.059	11300472.0
?-?-W92NE1-HE1		-0.278	24.410	128.362	10.059	23926212.0
?-?-W92NE1-HE1		1.677	29.029	128.343	10.059	7824660.0
?-?-W92NE1-HE1		7.045	124.412	128.380	10.059	7103792.0
?-?-W92NE1-HE1		7.030	114.610	128.364	10.059	32899764.0
?-?-W92NE1-HE1		3.812	63.785	128.353	10.060	5578828.0
?-?-W92NE1-HE1		4.270	55.516	128.367	10.060	6773062.0
?-?-W92NE1-HE1		0.833	23.742	128.365	10.060	5373594.0
?-?-W92NE1-HE1		0.644	42.685	128.356	10.060	11782324.0
?-?-W92NE1-HE1		1.551	42.654	128.360	10.060	33275088.0
?-?-W92NE1-HE1		0.769	25.594	128.365	10.060	5364477.0
?-?-W92NE1-HE1		2.786	32.234	128.338	10.060	6047458.0
?-?-W92NE1-HE1		7.171	127.528	128.364	10.060	88806272.0
?-?-W92NE1-HE1		3.683	58.394	128.394	10.061	5916096.0
?-?-W92NE1-HE1		1.749	29.087	128.379	10.061	5842461.0
?-?-W92NE1-HE1		4.183	60.396	128.363	10.062	6298579.0
?-?-W92NE1-HE1		1.412	26.002	128.365	10.063	6217059.0
