?-?-?-? 4.775 56.946 120.151 8.920
?-?-?-? 3.006 32.245 120.153 8.920
?-?-?-? 2.785 32.250 120.154 8.920
?-?-?-? 3.140 66.164 116.572 8.959
?-?-?-? 1.876 31.283 116.573 8.959
?-?-?-? 0.850 21.492 116.572 8.959
?-?-?-? 0.949 23.477 116.570 8.959
?-?-?-? 4.870 55.888 115.438 8.887
?-?-?-? 2.122 33.150 115.439 8.887
?-?-?-? 1.795 33.152 115.439 8.887
?-?-?-? 1.708 25.455 115.439 8.887
?-?-?-? 1.539 25.472 115.436 8.887
?-?-?-? 1.743 29.167 115.438 8.887
?-?-?-? 3.009 42.111 115.440 8.887
?-?-?-? 4.994 55.833 116.024 8.539
?-?-?-? 2.793 32.187 116.025 8.539
?-?-?-? 5.148 58.822 123.866 8.943
?-?-?-? 3.642 65.255 123.869 8.943
?-?-?-? 3.511 65.257 123.868 8.943
?-?-?-? 4.823 50.667 121.671 8.959
?-?-?-? 1.145 21.967 121.669 8.959
?-?-?-? 4.355 60.445 132.118 9.077
?-?-?-? 1.773 38.109 132.120 9.077
?-?-?-? 1.492 28.921 132.119 9.077
?-?-?-? 0.830 28.926 132.117 9.077
?-?-?-? 0.826 13.392 132.116 9.077
?-?-?-? 0.587 17.378 132.118 9.077
?-?-?-? 5.386 54.798 127.004 9.296
?-?-?-? 3.824 29.153 127.005 9.297
?-?-?-? 2.433 29.141 127.005 9.297
?-?-?-? 4.626 52.676 110.186 8.656
?-?-?-? 3.048 42.315 110.189 8.656
?-?-?-? 2.228 42.318 110.188 8.656
?-?-?-? 3.951 46.581 120.405 8.786
?-?-?-? 3.564 46.589 120.406 8.786
?-?-?-? 4.329 61.555 125.517 9.246
?-?-?-? 1.430 39.131 125.518 9.246
?-?-?-? 1.556 29.353 125.516 9.246
?-?-?-? 0.725 29.359 125.517 9.246
?-?-?-? 0.785 13.769 125.518 9.247
?-?-?-? 0.722 18.999 125.516 9.246
?-?-?-? 4.925 62.945 124.920 8.943
?-?-?-? 2.571 32.963 124.921 8.943
?-?-?-? 2.101 32.968 124.920 8.943
?-?-?-? 4.198 51.065 124.911 8.944
?-?-?-? 3.967 51.057 124.920 8.944
?-?-?-? 2.330 27.615 124.917 8.943
?-?-?-? 2.180 27.615 124.919 8.943
?-?-?-? 3.871 63.392 133.971 9.474
?-?-?-? 1.861 38.322 133.973 9.474
?-?-?-? 1.558 28.149 133.966 9.475
?-?-?-? 0.483 28.156 133.972 9.474
?-?-?-? 0.543 15.009 133.969 9.475
?-?-?-? 0.583 18.929 133.966 9.475
?-?-?-? 4.123 61.674 127.019 8.605
?-?-?-? 0.980 42.949 127.023 8.605
?-?-?-? 1.177 29.240 127.015 8.605
?-?-?-? 0.429 29.253 127.023 8.605
?-?-?-? 0.638 14.132 127.019 8.605
?-?-?-? 0.007 16.196 127.022 8.605
?-?-?-? 4.733 52.082 122.849 8.614
?-?-?-? 3.120 40.961 122.843 8.615
?-?-?-? 2.151 40.943 122.840 8.615
?-?-?-? 5.064 59.293 114.283 9.356
?-?-?-? 4.133 72.717 114.279 9.356
?-?-?-? 1.051 21.383 114.280 9.356
?-?-?-? 4.489 61.909 119.148 8.557
?-?-?-? 1.857 33.151 119.149 8.557
?-?-?-? 0.651 21.243 119.150 8.557
?-?-?-? 0.737 21.521 119.150 8.557
?-?-?-? 4.391 59.538 128.364 8.515
?-?-?-? 1.648 33.476 128.363 8.515
?-?-?-? 0.651 20.203 128.363 8.515
?-?-?-? 0.676 21.083 128.363 8.515
?-?-?-? 4.502 60.091 125.521 8.691
?-?-?-? 2.945 37.650 125.520 8.691
?-?-?-? 2.583 37.656 125.519 8.691
?-?-?-? 4.751 53.158 118.005 8.642
?-?-?-? 2.993 37.523 118.005 8.642
?-?-?-? 2.652 37.525 118.005 8.642
?-?-?-? 4.668 55.801 124.387 8.684
?-?-?-? 2.462 35.393 124.385 8.684
?-?-?-? 2.399 35.393 124.385 8.684
?-?-?-? 2.269 34.246 124.386 8.684
?-?-?-? 5.268 55.814 122.999 9.101
?-?-?-? 2.255 37.556 123.000 9.101
?-?-?-? 2.058 37.546 123.000 9.101
?-?-?-? 1.919 31.041 123.000 9.101
?-?-?-? 4.534 53.752 119.686 9.167
?-?-?-? 2.190 31.761 119.684 9.167
?-?-?-? 1.203 31.733 119.684 9.167
?-?-?-? 2.126 32.539 119.682 9.167
?-?-?-? 1.846 32.548 119.683 9.167
?-?-?-? 3.678 58.386 110.924 8.740
?-?-?-? 1.675 42.238 110.925 8.740
?-?-?-? 1.494 42.238 110.926 8.740
?-?-?-? 1.040 27.664 110.928 8.740
?-?-?-? 0.766 25.615 110.925 8.741
?-?-?-? 0.633 22.284 110.933 8.740
?-?-?-? 4.206 55.513 122.421 7.720
?-?-?-? 1.834 29.182 122.420 7.720
?-?-?-? 1.781 29.170 122.448 7.726
?-?-?-? 2.055 33.479 122.421 7.720
?-?-?-? 3.498 58.141 112.794 6.371
?-?-?-? 0.060 27.714 112.794 6.371
?-?-?-? -0.530 27.715 112.795 6.371
?-?-?-? 1.511 36.084 112.795 6.371
?-?-?-? 1.450 36.092 112.795 6.371
?-?-?-? 4.393 53.350 109.695 7.545
?-?-?-? 1.208 20.116 109.695 7.545
?-?-?-? 4.223 58.759 116.674 7.539
?-?-?-? 1.494 25.109 116.674 7.539
?-?-?-? 1.411 25.100 116.673 7.539
?-?-?-? 1.956 32.153 116.676 7.539
?-?-?-? 1.702 28.920 116.676 7.539
?-?-?-? 2.986 42.007 116.672 7.540
?-?-?-? 4.018 45.998 119.472 7.402
?-?-?-? 3.305 45.990 119.473 7.402
?-?-?-? 4.180 60.423 119.837 7.564
?-?-?-? 4.049 63.130 119.837 7.564
?-?-?-? 3.838 63.129 119.837 7.564
?-?-?-? 4.855 54.544 120.508 7.072
?-?-?-? 2.986 41.595 120.510 7.072
?-?-?-? 2.816 41.593 120.511 7.072
?-?-?-? 0.809 13.130 124.314 8.379
?-?-?-? 0.197 17.526 118.671 8.380
?-?-?-? 0.873 17.588 124.317 8.378
?-?-?-? 1.041 21.623 122.060 8.199
?-?-?-? 0.233 21.664 121.746 8.384
?-?-?-? 0.409 22.838 118.672 8.380
?-?-?-? 0.850 23.385 110.638 7.967
?-?-?-? 1.577 23.440 120.758 8.464
?-?-?-? 1.333 23.441 120.760 8.464
?-?-?-? 0.832 23.640 119.520 7.986
?-?-?-? 0.889 23.875 115.819 8.463
?-?-?-? -0.283 24.197 121.743 8.384
?-?-?-? 0.897 25.194 119.518 7.986
?-?-?-? 0.818 25.478 115.816 8.463
?-?-?-? 1.412 25.958 121.742 8.384
?-?-?-? 2.410 26.583 109.718 7.900
?-?-?-? 2.151 26.583 109.721 7.899
?-?-?-? 1.495 26.746 118.699 8.440
?-?-?-? 1.611 27.075 119.518 7.987
?-?-?-? 1.135 27.285 124.316 8.378
?-?-?-? 1.463 27.296 124.315 8.379
?-?-?-? 1.610 27.369 115.822 8.463
?-?-?-? 2.023 27.407 121.433 8.306
?-?-?-? 1.920 27.434 121.439 8.306
?-?-?-? 2.920 28.407 128.580 8.057
?-?-?-? 2.850 28.407 128.580 8.057
?-?-?-? 1.635 28.641 115.199 8.073
?-?-?-? 1.488 28.650 115.206 8.074
?-?-?-? 2.586 28.695 120.918 7.948
?-?-?-? 3.192 28.699 120.916 7.948
?-?-?-? 1.688 28.863 120.763 8.463
?-?-?-? 1.703 29.034 121.700 8.114
?-?-?-? 1.885 31.093 115.197 8.073
?-?-?-? 1.394 31.117 115.203 8.073
?-?-?-? 1.980 32.115 121.436 8.306
?-?-?-? 3.078 32.498 118.888 7.966
?-?-?-? 2.609 32.506 118.888 7.966
?-?-?-? 1.965 33.388 121.698 8.114
?-?-?-? 1.330 33.632 118.672 8.380
?-?-?-? 1.563 34.448 118.699 8.440
?-?-?-? 1.775 35.695 120.761 8.463
?-?-?-? 2.146 37.189 109.720 7.899
?-?-?-? 2.988 37.946 125.435 8.403
?-?-?-? 2.589 37.951 125.434 8.403
?-?-?-? 1.800 38.706 124.318 8.378
?-?-?-? 2.913 39.015 119.217 8.240
?-?-?-? 3.257 39.019 119.215 8.240
?-?-?-? 2.233 41.066 103.409 8.377
?-?-?-? 2.854 41.070 103.409 8.376
?-?-?-? 3.212 41.632 119.102 8.358
?-?-?-? 2.924 41.633 119.101 8.358
?-?-?-? 3.041 41.671 120.758 8.463
?-?-?-? 1.581 42.288 119.519 7.986
?-?-?-? 0.640 42.687 121.746 8.384
?-?-?-? 1.549 42.688 121.745 8.384
?-?-?-? 3.124 43.342 115.189 8.074
?-?-?-? 2.914 43.750 118.702 8.440
?-?-?-? 3.114 43.753 118.699 8.440
?-?-?-? 1.622 44.239 115.818 8.463
?-?-?-? 3.535 44.474 121.102 8.062
?-?-?-? 4.437 44.484 121.102 8.062
?-?-?-? 4.081 45.645 115.566 8.027
?-?-?-? 3.555 45.653 115.565 8.027
?-?-?-? 3.959 50.692 121.434 8.306
?-?-?-? 5.131 51.590 110.637 7.966
?-?-?-? 4.910 53.304 115.818 8.463
?-?-?-? 4.824 53.705 125.435 8.404
?-?-?-? 5.768 54.063 118.698 8.440
?-?-?-? 4.662 54.352 120.761 8.463
?-?-?-? 5.123 55.219 118.889 7.966
?-?-?-? 4.091 55.557 121.744 8.384
?-?-?-? 4.275 55.587 119.521 7.986
?-?-?-? 4.114 55.592 121.718 8.115
?-?-?-? 4.642 55.681 119.102 8.358
?-?-?-? 4.181 56.483 115.196 8.074
?-?-?-? 4.358 57.734 120.443 8.374
?-?-?-? 3.679 57.779 109.721 7.899
?-?-?-? 4.956 57.793 118.672 8.380
?-?-?-? 4.488 58.489 128.579 8.057
?-?-?-? 4.351 58.489 123.682 8.156
?-?-?-? 4.550 58.760 120.916 7.948
?-?-?-? 4.147 60.087 103.411 8.377
?-?-?-? 5.159 60.357 122.059 8.198
?-?-?-? 4.088 61.357 124.315 8.378
?-?-?-? 4.073 61.837 119.216 8.240
?-?-?-? 4.351 63.264 121.436 8.306
?-?-?-? 3.715 63.639 120.443 8.374
?-?-?-? 3.813 63.727 123.682 8.155
?-?-?-? 3.620 72.055 122.060 8.199
