?-?-?-? w1 w2 w3 w4 
?-?-?-?     
?-?-?-? 4.148 63.223 102.304 5.701 
?-?-?-? 2.253 33.404 102.286 5.704 
?-?-?-? 2.086 33.389 102.311 5.701 
?-?-?-? 3.720 63.824 115.966 6.851 
?-?-?-? 1.437 37.779 115.965 6.853 
?-?-?-? 1.274 28.072 115.983 6.859 
?-?-?-? 0.723 13.984 115.993 6.856 
?-?-?-? 0.047 16.039 115.978 6.850 
?-?-?-? 4.049 53.416 107.584 7.290 
?-?-?-? 1.459 18.341 107.590 7.289 
?-?-?-? 4.573 56.913 124.952 7.123 
?-?-?-? 4.008 64.425 124.919 7.120 
?-?-?-? 3.940 64.492 124.933 7.123 
?-?-?-? 4.104 56.019 107.219 6.470 
?-?-?-? 2.100 37.066 107.224 6.468 
?-?-?-? 1.823 37.028 107.284 6.466 
?-?-?-? 1.433 26.906 107.233 6.456 
?-?-?-? 0.968 26.180 107.222 6.466 
?-?-?-? 0.815 23.883 107.210 6.473 
?-?-?-? 4.010 56.693 119.236 7.130 
?-?-?-? 2.537 39.700 119.237 7.130 
?-?-?-? 4.522 59.841 121.632 7.069 
?-?-?-? 4.096 64.285 121.620 7.068 
?-?-?-? 4.057 55.652 117.944 7.298 
?-?-?-? 1.671 19.173 117.944 7.297 
?-?-?-? 4.866 54.100 117.751 6.367 
?-?-?-? 2.950 41.166 117.757 6.367 
?-?-?-? 2.729 41.170 117.760 6.366 
?-?-?-? 4.297 59.746 120.261 7.065 
?-?-?-? 4.493 68.971 120.257 7.065 
?-?-?-? 1.149 22.380 120.262 7.065 
?-?-?-? 4.598 53.757 118.053 7.157 
?-?-?-? 2.463 33.574 118.031 7.160 
?-?-?-? 2.098 33.593 118.033 7.158 
?-?-?-? 4.249 54.930 99.804 6.959 
?-?-?-? 1.311 43.999 99.790 6.959 
?-?-?-? 0.787 26.172 99.812 6.959 
?-?-?-? 0.850 21.687 99.808 6.961 
?-?-?-? 2.934 67.432 121.420 7.088 
?-?-?-? 3.768 68.836 121.398 7.090 
?-?-?-? 0.550 21.905 121.403 7.089 
?-?-?-? 5.327 57.749 105.764 6.788 
?-?-?-? 2.276 34.239 105.780 6.781 
?-?-?-? 0.703 20.245 105.758 6.787 
?-?-?-? 0.531 17.992 105.780 6.783 
?-?-?-? 4.431 56.447 118.095 7.184 
?-?-?-? 2.378 30.804 118.092 7.187 
?-?-?-? 1.721 30.849 118.073 7.189 
?-?-?-? 2.318 34.034 118.093 7.185 
?-?-?-? w1 w2 w3 w4 
?-?-?-?     
?-?-?-? 4.769 54.704 122.435 8.422 
?-?-?-? 1.715 27.768 122.447 8.413 
?-?-?-? 1.701 44.143 122.455 8.419 
?-?-?-? 0.766 25.595 122.446 8.421 
?-?-?-? 0.866 24.628 122.453 8.417 
?-?-?-? 4.939 55.645 114.285 8.621 
?-?-?-? 1.971 34.748 114.288 8.621 
?-?-?-? 1.712 34.743 114.295 8.621 
?-?-?-? 1.802 29.395 114.315 8.616 
?-?-?-? 1.744 29.451 114.280 8.621 
?-?-?-? 1.497 25.200 114.292 8.621 
?-?-?-? 4.522 44.945 124.906 8.948 
?-?-?-? 3.195 44.955 124.922 8.946 
?-?-?-? 4.148 61.783 131.690 8.959 
?-?-?-? 1.829 33.205 131.701 8.960 
?-?-?-? 1.038 21.058 131.692 8.961 
?-?-?-? 0.756 20.460 131.676 8.961 
?-?-?-? 4.124 53.211 128.546 8.153 
?-?-?-? 1.259 17.291 128.546 8.154 
?-?-?-? 4.445 52.985 112.127 7.684 
?-?-?-? 1.245 21.885 112.109 7.685 
?-?-?-? 4.532 43.475 118.808 8.699 
?-?-?-? 3.218 43.441 118.826 8.699 
?-?-?-? 4.974 49.798 120.899 8.546 
?-?-?-? 1.125 22.721 120.917 8.546 
?-?-?-? 4.912 60.241 111.773 8.706 
?-?-?-? 1.719 41.230 111.776 8.705 
?-?-?-? 0.767 16.770 111.768 8.708 
?-?-?-? 4.086 45.801 120.304 8.851 
?-?-?-? 3.918 45.804 120.313 8.847 
?-?-?-? 2.984 42.541 130.524 7.780 
?-?-?-? 2.820 42.533 130.534 7.785 
?-?-?-? 4.845 55.957 117.856 7.612 
?-?-?-? 3.265 38.891 117.862 7.615 
?-?-?-? 2.852 38.892 117.865 7.614 
?-?-?-? 4.332 59.903 122.551 8.117 
?-?-?-? 4.107 70.651 122.545 8.116 
?-?-?-? 1.084 21.728 122.543 8.117 
?-?-?-? 4.342 55.503 123.336 8.553 
?-?-?-? 1.826 33.244 123.332 8.554 
?-?-?-? 1.593 33.270 123.335 8.552 
?-?-?-? 1.677 29.054 123.333 8.553 
?-?-?-? 2.991 42.343 123.353 8.557 
?-?-?-? 1.256 24.714 123.333 8.554 
?-?-?-? 4.201 56.263 123.903 8.450 
?-?-?-? 1.966 30.462 123.902 8.450 
?-?-?-? 1.835 30.466 123.899 8.450 
?-?-?-? 2.272 36.239 123.902 8.450 
?-?-?-? 4.327 56.294 122.065 8.171 
?-?-?-? 1.810 32.722 122.060 8.171 
?-?-?-? 1.750 32.722 122.060 8.171 
?-?-?-? 1.702 29.209 122.066 8.171 
?-?-?-? 3.026 42.411 122.075 8.170 
?-?-?-? 1.453 24.744 122.064 8.171 
?-?-?-? 4.198 61.577 121.367 8.247 
?-?-?-? 2.010 33.525 121.357 8.247 
?-?-?-? 0.901 21.994 121.366 8.247 
?-?-?-? 0.924 20.150 121.365 8.248 
?-?-?-? 4.321 61.923 126.391 8.029 
?-?-?-? 4.028 69.765 126.394 8.029 
?-?-?-? 1.183 21.454 126.391 8.029 
?-?-?-? 4.685 53.192 116.892 8.046 
?-?-?-? 3.382 39.260 116.889 8.039 
?-?-?-? 2.978 39.259 116.897 8.039 
?-?-?-? 4.520 61.240 123.106 7.958 
?-?-?-? 2.449 31.154 123.094 7.961 
?-?-?-? 0.837 21.424 123.090 7.958 
?-?-?-? 0.885 18.211 123.097 7.959 
?-?-?-? 4.303 56.609 121.830 8.373 
?-?-?-? 2.403 36.372 121.827 8.373 
?-?-?-? 2.360 36.350 121.840 8.373 
?-?-?-? 2.116 30.350 121.832 8.372 
?-?-?-? 4.890 55.755 115.964 8.146 
?-?-?-? 2.056 33.438 115.974 8.147 
?-?-?-? 1.804 33.428 115.970 8.150 
?-?-?-? 1.684 24.981 115.976 8.147 
?-?-?-? 1.592 25.007 115.973 8.145 
?-?-?-? 1.796 28.766 115.977 8.145 
?-?-?-? 4.592 59.732 118.143 7.919 
?-?-?-? 1.857 40.388 118.146 7.923 
?-?-?-? 0.765 19.057 118.175 7.917 
?-?-?-? 4.014 60.108 111.605 8.183 
?-?-?-? 2.168 29.338 111.605 8.182 
?-?-?-? 2.452 36.715 111.596 8.184 
?-?-?-? 4.386 60.034 121.278 8.057 
?-?-?-? 4.128 62.765 121.258 8.053 
?-?-?-? 4.018 62.686 121.304 8.053 
?-?-?-? 4.681 55.449 122.030 7.432 
?-?-?-? 2.338 33.160 122.035 7.432 
?-?-?-? 1.979 32.995 122.043 7.431 
?-?-?-? 1.637 25.050 122.041 7.432 
?-?-?-? 1.465 25.059 122.042 7.430 
?-?-?-? 1.736 28.480 122.027 7.434 
?-?-?-? 3.398 67.325 117.469 8.624 
?-?-?-? 2.211 32.376 117.473 8.623 
?-?-?-? 1.220 24.964 117.491 8.623 
?-?-?-? 1.012 22.183 117.481 8.623 
?-?-?-? 4.010 60.370 120.991 8.063 
?-?-?-? 2.429 36.937 120.991 8.063 
?-?-?-? 2.343 36.943 120.986 8.063 
?-?-?-? 2.133 28.864 120.995 8.061 
?-?-?-? 4.207 59.379 121.895 8.254 
?-?-?-? 2.430 36.954 121.892 8.253 
?-?-?-? 2.328 36.986 121.886 8.253 
?-?-?-? 2.250 29.810 121.908 8.254 
?-?-?-? 4.167 59.624 120.316 8.653 
?-?-?-? 2.246 30.117 120.294 8.651 
?-?-?-? 2.608 36.544 120.302 8.654 
?-?-?-? 3.761 66.502 122.315 8.260 
?-?-?-? 2.027 38.042 122.286 8.262 
?-?-?-? 0.968 13.941 122.342 8.254 
?-?-?-? 1.039 17.066 122.334 8.259 
?-?-?-? 4.161 55.731 119.760 8.281 
?-?-?-? 1.616 17.948 119.764 8.281 
?-?-?-? 4.070 60.167 120.543 8.269 
?-?-?-? 2.126 32.672 120.537 8.266 
?-?-?-? 1.968 32.730 120.552 8.270 
?-?-?-? 1.846 25.654 120.535 8.270 
?-?-?-? 1.533 25.584 120.547 8.270 
?-?-?-? 4.388 60.655 118.760 8.842 
?-?-?-? 3.546 38.215 118.739 8.842 
?-?-?-? 3.260 38.302 118.747 8.840 
?-?-?-? 3.443 59.525 119.973 8.078 
?-?-?-? 2.022 27.823 119.950 8.076 
?-?-?-? 1.709 27.842 119.957 8.078 
?-?-?-? 1.901 29.313 119.942 8.081 
?-?-?-? 4.233 58.695 121.119 8.115 
?-?-?-? 2.015 31.757 121.120 8.116 
?-?-?-? 1.950 31.762 121.100 8.109 
?-?-?-? 1.818 28.517 121.104 8.118 
?-?-?-? 1.764 28.550 121.122 8.119 
?-?-?-? 1.543 24.598 121.106 8.118 
?-?-?-? 4.210 55.064 123.452 8.899 
?-?-?-? 1.543 18.842 123.456 8.901 
?-?-?-? 3.925 58.441 120.814 7.747 
?-?-?-? 1.619 41.849 120.815 7.745 
?-?-?-? 1.103 41.894 120.792 7.747 
?-?-?-? 1.404 26.376 120.811 7.747 
?-?-?-? 0.846 24.917 120.810 7.751 
?-?-?-? 4.044 60.049 119.111 8.253 
?-?-?-? 2.466 36.404 119.110 8.253 
?-?-?-? 2.254 36.396 119.115 8.252 
?-?-?-? 2.253 29.656 119.113 8.253 
?-?-?-? 3.841 66.246 118.254 8.154 
?-?-?-? 2.110 32.336 118.281 8.156 
?-?-?-? 1.143 22.478 118.253 8.159 
?-?-?-? 1.001 20.956 118.248 8.153 
?-?-?-? 3.815 68.166 120.559 8.584 
?-?-?-? 1.233 20.638 120.610 8.579 
?-?-?-? 3.743 60.261 118.958 7.933 
?-?-?-? 2.391 27.810 118.945 7.935 
?-?-?-? 2.058 27.654 118.995 7.937 
?-?-?-? 2.579 34.397 118.965 7.937 
?-?-?-? 2.182 34.232 118.941 7.935 
?-?-?-? 4.072 59.724 119.994 8.508 
?-?-?-? 2.231 29.503 119.995 8.507 
?-?-?-? 2.165 29.466 119.966 8.511 
?-?-?-? 2.502 36.476 119.998 8.508 
?-?-?-? 2.264 36.465 119.991 8.509 
?-?-?-? 4.020 59.786 119.497 8.454 
?-?-?-? 2.411 30.128 119.531 8.458 
?-?-?-? 2.146 30.022 119.452 8.453 
?-?-?-? 2.579 36.948 119.496 8.456 
?-?-?-? 2.265 36.951 119.506 8.454 
?-?-?-? 3.620 65.750 120.723 8.356 
?-?-?-? 1.935 37.964 120.719 8.355 
?-?-?-? 1.120 20.077 120.733 8.357 
?-?-?-? 4.001 60.445 118.878 7.958 
?-?-?-? 2.286 29.067 118.893 7.961 
?-?-?-? 2.148 29.100 118.880 7.958 
?-?-?-? 2.418 36.184 118.880 7.959 
?-?-?-? 2.355 36.193 118.876 7.959 
?-?-?-? 4.106 59.644 122.370 8.069 
?-?-?-? 2.045 32.276 122.373 8.068 
?-?-?-? 1.899 32.312 122.357 8.069 
?-?-?-? 1.697 25.610 122.368 8.066 
?-?-?-? 1.522 25.639 122.354 8.071 
?-?-?-? 1.715 29.077 122.367 8.070 
?-?-?-? 3.531 65.416 121.917 8.571 
?-?-?-? 1.554 37.885 121.924 8.571 
?-?-?-? 0.705 13.591 121.933 8.572 
?-?-?-? 0.057 16.629 121.907 8.572 
?-?-?-? 3.739 60.738 117.937 7.966 
?-?-?-? 2.212 32.180 117.972 7.971 
?-?-?-? 1.790 32.108 117.939 7.962 
?-?-?-? 1.802 24.569 117.923 7.966 
?-?-?-? 1.506 24.616 117.931 7.969 
?-?-?-? 4.034 59.527 120.792 7.780 
?-?-?-? 2.478 36.308 120.793 7.780 
?-?-?-? 2.308 36.261 120.796 7.780 
?-?-?-? 2.171 29.633 120.778 7.782 
?-?-?-? 4.090 59.566 121.637 8.751 
?-?-?-? 1.585 25.251 121.646 8.750 
?-?-?-? 1.444 25.247 121.634 8.754 
?-?-?-? 1.965 32.622 121.634 8.752 
?-?-?-? 1.720 29.679 121.629 8.751 
?-?-?-? 3.035 42.539 121.621 8.749 
?-?-?-? 4.368 55.300 119.323 8.519 
?-?-?-? 1.571 18.070 119.309 8.518 
?-?-?-? 3.947 58.261 117.424 7.683 
?-?-?-? 1.959 42.227 117.419 7.683 
?-?-?-? 1.681 42.223 117.424 7.683 
?-?-?-? 1.606 27.182 117.420 7.683 
?-?-?-? 0.949 25.047 117.453 7.683 
?-?-?-? 0.923 23.925 117.424 7.684 
?-?-?-? 4.056 58.968 116.209 8.288 
?-?-?-? 1.612 25.260 116.212 8.288 
?-?-?-? 1.487 25.277 116.212 8.289 
?-?-?-? 1.973 33.125 116.212 8.289 
?-?-?-? 1.725 29.291 116.206 8.288 
?-?-?-? 4.112 58.136 114.985 8.542 
?-?-?-? 1.714 31.019 114.965 8.540 
?-?-?-? 1.479 31.053 115.002 8.541 
?-?-?-? 2.072 36.222 114.987 8.541 
?-?-?-? 4.971 58.238 109.626 8.186 
?-?-?-? 3.424 42.070 109.622 8.186 
?-?-?-? 3.071 42.051 109.629 8.184 
?-?-?-? 4.781 44.920 119.627 8.599 
?-?-?-? 4.158 44.893 119.580 8.605 
?-?-?-? 4.149 60.053 117.140 7.579 
?-?-?-? 2.126 28.924 117.134 7.576 
?-?-?-? 2.068 28.924 117.134 7.576 
?-?-?-? 2.403 37.067 117.140 7.579 
?-?-?-? 4.286 57.246 119.825 7.737 
?-?-?-? 1.921 32.379 119.838 7.736 
?-?-?-? 1.581 28.247 119.893 7.741 
?-?-?-? 1.513 26.015 119.848 7.737 
?-?-?-? 4.306 55.000 116.434 7.974 
?-?-?-? 1.580 19.370 116.445 7.975 
?-?-?-? 4.056 59.335 119.455 7.307 
?-?-?-? 2.182 29.593 119.460 7.308 
?-?-?-? 2.084 29.626 119.479 7.305 
?-?-?-? 2.525 36.651 119.456 7.306 
?-?-?-? 2.392 36.634 119.456 7.307 
?-?-?-? 4.192 60.770 120.919 8.068 
?-?-?-? 3.223 38.683 120.889 8.068 
?-?-?-? 2.664 38.687 120.915 8.066 
?-?-?-? 4.204 59.631 121.472 7.625 
?-?-?-? 2.424 36.076 121.470 7.625 
?-?-?-? 2.336 36.079 121.469 7.625 
?-?-?-? 2.182 29.215 121.490 7.624 
?-?-?-? 4.301 55.321 117.656 8.057 
?-?-?-? 1.596 17.707 117.648 8.057 
?-?-?-? 4.180 60.209 119.084 8.224 
?-?-?-? 3.589 32.054 119.072 8.224 
?-?-?-? 3.118 31.996 119.077 8.226 
?-?-?-? 4.091 58.202 119.746 7.979 
?-?-?-? 1.803 27.174 119.764 7.982 
?-?-?-? 1.868 41.808 119.747 7.981 
?-?-?-? 4.192 58.803 120.664 8.103 
?-?-?-? 2.840 32.093 120.662 8.103 
?-?-?-? 2.670 32.101 120.656 8.103 
?-?-?-? 2.315 32.473 120.641 8.100 
?-?-?-? 4.235 58.091 116.086 8.100 
?-?-?-? 2.122 42.114 116.054 8.104 
?-?-?-? 1.425 42.127 116.128 8.089 
?-?-?-? 0.806 26.614 116.086 8.102 
?-?-?-? 4.354 65.208 116.996 8.483 
?-?-?-? 2.483 32.487 116.984 8.483 
?-?-?-? 2.082 32.506 116.992 8.482 
?-?-?-? 2.193 27.629 117.013 8.473 
?-?-?-? 2.142 27.638 116.998 8.487 
?-?-?-? 4.155 59.380 123.769 7.608 
?-?-?-? 2.138 29.573 123.772 7.608 
?-?-?-? 2.073 29.604 123.772 7.607 
?-?-?-? 2.418 37.149 123.772 7.607 
?-?-?-? 2.275 37.138 123.768 7.607 
?-?-?-? 4.128 58.494 118.217 7.543 
?-?-?-? 2.210 41.741 118.228 7.537 
?-?-?-? 1.823 41.902 118.276 7.545 
?-?-?-? 1.615 28.129 118.206 7.541 
?-?-?-? 1.016 25.164 118.253 7.543 
?-?-?-? 0.960 24.429 118.236 7.543 
?-?-?-? 3.669 66.558 117.292 8.385 
?-?-?-? 1.832 39.154 117.301 8.388 
?-?-?-? 1.046 17.571 117.305 8.384 
?-?-?-? 4.105 59.206 106.286 7.840 
?-?-?-? 2.110 29.505 106.284 7.842 
?-?-?-? 2.015 29.451 106.285 7.840 
?-?-?-? 2.414 36.307 106.288 7.840 
?-?-?-? 2.331 36.322 106.281 7.839 
?-?-?-? 3.896 47.235 122.978 8.241 
?-?-?-? 3.809 47.317 122.944 8.241 
?-?-?-? 3.334 67.175 117.949 8.246 
?-?-?-? 1.650 31.992 117.973 8.247 
?-?-?-? 0.810 22.901 117.900 8.244 
?-?-?-? -0.220 19.511 117.954 8.247 
?-?-?-? 3.680 61.506 114.860 8.756 
?-?-?-? 2.115 29.013 114.875 8.756 
?-?-?-? 2.017 29.047 114.860 8.751 
?-?-?-? 3.072 38.197 114.872 8.756 
?-?-?-? 2.140 38.116 114.887 8.752 
?-?-?-? 4.502 56.375 122.638 7.869 
?-?-?-? 2.998 38.624 122.638 7.865 
?-?-?-? 2.799 38.633 122.638 7.866 
?-?-?-? 4.165 59.538 119.832 8.053 
?-?-?-? 2.420 32.144 119.824 8.052 
?-?-?-? 2.360 32.193 119.828 8.052 
?-?-?-? 2.260 32.219 119.839 8.056 
?-?-?-? 3.640 66.984 112.981 7.606 
?-?-?-? 1.844 39.125 112.951 7.605 
?-?-?-? 1.173 17.247 113.002 7.606 
?-?-?-? 4.085 59.705 109.097 8.293 
?-?-?-? 1.687 25.583 109.082 8.295 
?-?-?-? 1.558 25.612 109.104 8.292 
?-?-?-? 1.922 33.952 109.100 8.294 
?-?-?-? 1.735 29.803 109.110 8.296 
?-?-?-? 4.271 64.729 119.523 8.388 
?-?-?-? 4.218 70.176 119.541 8.385 
?-?-?-? 4.455 56.400 117.404 7.673 
?-?-?-? 2.218 30.298 117.404 7.674 
?-?-?-? 1.972 30.289 117.404 7.673 
?-?-?-? 2.393 36.993 117.399 7.675 
?-?-?-? 2.192 36.997 117.404 7.673 
?-?-?-? 4.779 57.906 106.471 8.809 
?-?-?-? 0.804 22.334 106.467 8.819 
?-?-?-? 0.640 18.337 106.465 8.811 
?-?-?-? 4.335 55.282 119.501 8.644 
?-?-?-? 3.184 38.633 119.516 8.645 
?-?-?-? 2.921 38.521 119.538 8.647 
?-?-?-? 4.086 55.680 115.347 8.595 
?-?-?-? 1.353 20.488 115.354 8.594 
?-?-?-? 3.382 67.254 116.082 7.675 
?-?-?-? 2.004 31.929 116.083 7.677 
?-?-?-? 1.148 25.480 116.065 7.677 
?-?-?-? 1.002 22.622 116.070 7.677 
?-?-?-? 4.262 57.869 116.981 8.688 
?-?-?-? 3.075 40.245 116.998 8.688 
?-?-?-? 2.801 40.293 116.983 8.687 
?-?-?-? 3.999 60.002 121.093 8.592 
?-?-?-? 1.921 33.092 121.086 8.590 
?-?-?-? 1.747 33.136 121.103 8.599 
?-?-?-? 1.702 25.468 121.087 8.594 
?-?-?-? 1.437 25.578 121.099 8.588 
?-?-?-? 1.636 29.230 121.088 8.593 
?-?-?-? 3.612 67.026 120.037 8.643 
?-?-?-? 0.941 23.283 120.051 8.639 
?-?-?-? 0.952 21.714 120.011 8.644 
?-?-?-? 3.693 63.579 118.222 8.138 
?-?-?-? 2.381 35.161 118.209 8.141 
?-?-?-? 0.872 17.692 118.204 8.139 
?-?-?-? 4.042 59.648 119.568 8.268 
?-?-?-? 2.205 29.254 119.549 8.270 
?-?-?-? 2.069 29.270 119.571 8.270 
?-?-?-? 2.420 35.905 119.579 8.269 
?-?-?-? 2.309 35.896 119.566 8.266 
?-?-?-? 4.101 59.161 118.773 8.409 
?-?-?-? 2.267 28.646 118.776 8.408 
?-?-?-? 2.152 28.618 118.778 8.408 
?-?-?-? 2.505 33.999 118.779 8.409 
?-?-?-? 2.442 34.003 118.779 8.409 
?-?-?-? 4.164 55.685 112.693 8.107 
?-?-?-? 1.450 18.133 112.691 8.107 
?-?-?-? 4.358 62.073 122.453 7.555 
?-?-?-? 4.052 62.750 122.461 7.555 
?-?-?-? 3.773 66.517 119.615 7.686 
?-?-?-? 2.221 31.852 119.615 7.684 
?-?-?-? 1.141 22.589 119.597 7.686 
?-?-?-? 0.967 21.065 119.620 7.685 
?-?-?-? 3.994 60.102 115.054 8.194 
?-?-?-? 2.340 34.269 115.048 8.190 
?-?-?-? 2.222 34.117 115.071 8.191 
?-?-?-? 2.844 33.038 115.075 8.190 
?-?-?-? 2.572 33.041 115.064 8.195 
?-?-?-? 3.996 58.424 114.653 7.796 
?-?-?-? 2.238 29.579 114.641 7.796 
?-?-?-? 2.064 29.536 114.635 7.799 
?-?-?-? 2.450 36.925 114.666 7.795 
?-?-?-? 2.358 36.885 114.643 7.797 
?-?-?-? 4.381 55.419 116.323 8.227 
?-?-?-? 1.870 42.249 116.328 8.223 
?-?-?-? 1.677 42.261 116.305 8.225 
?-?-?-? 1.958 26.757 116.316 8.219 
?-?-?-? 0.972 26.097 116.318 8.227 
?-?-?-? 0.892 22.595 116.315 8.224 
?-?-?-? 4.512 54.049 118.825 7.858 
?-?-?-? 3.075 37.671 118.849 7.859 
?-?-?-? 2.781 37.672 118.848 7.859 
?-?-?-? 3.994 60.104 119.824 8.271 
?-?-?-? 2.094 29.749 119.818 8.271 
?-?-?-? 2.355 36.177 119.821 8.272 
?-?-?-? 4.420 60.968 120.425 8.073 
?-?-?-? 3.235 37.695 120.401 8.069 
?-?-?-? 4.041 57.222 119.266 8.042 
?-?-?-? 1.884 41.951 119.267 8.039 
?-?-?-? 1.562 41.975 119.265 8.044 
?-?-?-? 1.789 27.425 119.261 8.044 
?-?-?-? 1.062 26.471 119.264 8.040 
?-?-?-? 0.959 22.886 119.255 8.044 
?-?-?-? 3.934 60.370 118.547 7.586 
?-?-?-? 1.672 25.848 118.541 7.585 
?-?-?-? 1.517 25.764 118.564 7.583 
?-?-?-? 2.016 32.307 118.554 7.584 
?-?-?-? 1.774 29.590 118.555 7.585 
?-?-?-? 3.057 42.504 118.565 7.586 
?-?-?-? 4.111 59.200 119.753 7.909 
?-?-?-? 2.539 36.433 119.749 7.910 
?-?-?-? 2.324 36.406 119.751 7.910 
?-?-?-? 2.161 28.939 119.748 7.910 
?-?-?-? 4.238 58.481 122.306 8.034 
?-?-?-? 1.936 30.400 122.308 8.032 
?-?-?-? 3.165 43.864 122.331 8.037 
?-?-?-? 1.623 26.851 122.312 8.035 
?-?-?-? 3.602 66.479 120.807 7.469 
?-?-?-? 2.355 31.752 120.822 7.471 
?-?-?-? 1.160 22.422 120.800 7.467 
?-?-?-? 1.033 21.557 120.799 7.467 
?-?-?-? 4.181 57.746 120.417 8.639 
?-?-?-? 2.793 40.693 120.425 8.638 
?-?-?-? 2.112 40.657 120.420 8.635 
?-?-?-? 3.943 58.190 117.696 8.027 
?-?-?-? 1.993 41.710 117.689 8.025 
?-?-?-? 1.585 41.727 117.698 8.023 
?-?-?-? 1.011 27.021 117.706 8.026 
?-?-?-? 3.943 60.521 121.743 7.972 
?-?-?-? 1.916 29.597 121.775 7.972 
?-?-?-? 4.501 58.026 121.693 8.492 
?-?-?-? 2.893 41.613 121.650 8.487 
?-?-?-? 3.834 48.435 118.810 8.268 
?-?-?-? 3.566 48.413 118.798 8.269 
?-?-?-? 4.482 56.907 120.810 7.938 
?-?-?-? 2.967 38.889 120.820 7.939 
?-?-?-? 4.140 59.797 119.017 8.422 
?-?-?-? 2.120 30.478 119.010 8.424 
?-?-?-? 2.065 30.443 119.010 8.424 
?-?-?-? 1.703 27.861 118.999 8.420 
?-?-?-? 3.844 66.186 119.625 8.342 
?-?-?-? 2.204 38.547 119.627 8.337 
?-?-?-? 1.077 18.279 119.627 8.345 
?-?-?-? 3.628 66.696 119.813 8.762 
?-?-?-? 0.927 18.756 119.796 8.762 
?-?-?-? 3.814 61.279 116.015 7.982 
?-?-?-? 2.764 37.603 116.005 7.976 
?-?-?-? 2.062 37.621 115.970 7.981 
?-?-?-? 4.838 56.225 124.438 8.797 
?-?-?-? 2.874 38.476 124.446 8.796 
?-?-?-? 2.632 38.482 124.444 8.798 
?-?-?-? 4.170 58.082 116.973 8.218 
?-?-?-? 2.313 43.432 116.979 8.214 
?-?-?-? 1.627 43.347 116.989 8.214 
?-?-?-? 1.793 27.174 116.966 8.215 
?-?-?-? 0.938 26.202 116.991 8.215 
?-?-?-? 1.020 25.606 116.990 8.214 
?-?-?-? 4.447 55.309 109.316 8.002 
?-?-?-? 1.878 27.491 109.297 8.002 
?-?-?-? 1.746 42.805 109.291 8.000 
?-?-?-? 4.071 46.843 118.128 7.883 
?-?-?-? 3.998 46.843 118.128 7.883 
?-?-?-? 4.231 61.259 124.372 8.313 
?-?-?-? 1.954 33.899 124.373 8.312 
?-?-?-? 0.891 21.181 124.372 8.312 
?-?-?-? 0.903 20.605 124.371 8.312 
?-?-?-? 4.585 55.067 121.284 8.708 
?-?-?-? 1.828 33.270 121.278 8.707 
?-?-?-? 1.729 33.295 121.277 8.707 
?-?-?-? 1.769 28.675 121.278 8.708 
?-?-?-? 3.075 42.029 121.271 8.705 
?-?-?-? 1.473 24.098 121.279 8.708 
?-?-?-? 4.630 58.654 121.680 8.461 
?-?-?-? 3.982 64.363 121.681 8.461 
?-?-?-? 4.321 62.647 121.611 8.693 
?-?-?-? 2.361 33.074 121.613 8.695 
?-?-?-? 1.201 21.575 121.611 8.693 
?-?-?-? 1.192 20.711 121.612 8.694 
?-?-?-? 5.315 52.649 119.404 8.829 
?-?-?-? 2.991 41.309 119.404 8.827 
?-?-?-? 4.156 55.628 115.991 8.626 
?-?-?-? 1.624 41.596 115.982 8.627 
?-?-?-? 1.403 41.524 116.002 8.616 
?-?-?-? 0.478 25.257 115.988 8.621 
?-?-?-? 0.487 23.936 116.023 8.626 
?-?-?-? 4.436 60.445 120.676 7.898 
?-?-?-? 3.971 64.269 120.664 7.898 
?-?-?-? 3.896 64.180 120.681 7.898 
?-?-?-? 4.051 55.834 120.253 8.752 
?-?-?-? 1.481 43.382 120.288 8.762 
?-?-?-? 1.315 43.360 120.257 8.754 
?-?-?-? 0.578 26.203 120.216 8.758 
?-?-?-? 4.459 56.184 117.792 7.724 
?-?-?-? 2.248 32.014 117.786 7.727 
?-?-?-? 1.934 32.161 117.790 7.724 
?-?-?-? 2.412 36.438 117.794 7.725 
?-?-?-? 2.270 36.429 117.789 7.725 
?-?-?-? 4.551 54.382 118.978 8.388 
?-?-?-? 2.187 35.137 118.985 8.389 
?-?-?-? 2.063 35.126 118.966 8.390 
?-?-?-? 2.059 32.649 118.977 8.390 
?-?-?-? 4.854 56.721 115.484 8.805 
?-?-?-? 2.045 29.706 115.448 8.813 
?-?-?-? 1.846 29.600 115.488 8.805 
?-?-?-? 2.499 36.843 115.495 8.806 
?-?-?-? 2.389 36.855 115.513 8.805 
?-?-?-? 5.216 59.335 121.031 8.776 
?-?-?-? 2.269 37.556 121.056 8.779 
?-?-?-? 0.931 22.696 121.028 8.774 
?-?-?-? 0.745 18.011 121.027 8.775 
?-?-?-? 3.941 61.979 128.075 8.183 
?-?-?-? 1.487 32.711 128.090 8.184 
?-?-?-? 0.460 21.770 128.062 8.183 
?-?-?-? 0.500 21.458 128.080 8.183 
?-?-?-? 5.374 57.935 126.171 8.399 
?-?-?-? 2.080 37.516 126.165 8.402 
?-?-?-? 0.664 12.133 126.172 8.397 
?-?-?-? 0.725 19.181 126.167 8.400 
?-?-?-? 4.333 59.959 110.221 7.439 
?-?-?-? 3.395 43.346 110.256 7.435 
?-?-?-? 3.264 43.362 110.237 7.440 
?-?-?-? 1.939 30.132 110.200 7.436 
?-?-?-? 1.913 27.912 110.197 7.434 
?-?-?-? 4.651 52.470 118.995 7.785 
?-?-?-? 2.779 43.998 118.971 7.791 
?-?-?-? 2.438 44.072 118.988 7.786 
?-?-?-? 4.061 64.829 111.278 8.139 
?-?-?-? 4.139 61.786 120.145 7.898 
?-?-?-? 3.857 62.405 120.170 7.894 
?-?-?-? 3.816 62.397 120.160 7.896 
?-?-?-? 3.307 43.692 105.879 7.828 
?-?-?-? 2.530 43.532 105.920 7.826 
?-?-?-? 4.225 63.294 124.268 7.775 
?-?-?-? 4.455 69.272 124.292 7.772 
?-?-?-? 1.142 21.761 124.289 7.776 
?-?-?-? 4.136 55.519 100.887 7.318 
?-?-?-? 1.566 19.852 100.889 7.319 
?-?-?-? 3.675 55.663 125.288 7.657 
?-?-?-? 2.080 34.846 125.303 7.653 
?-?-?-? 1.838 34.985 125.290 7.649 
?-?-?-? 2.613 31.582 125.307 7.655 
?-?-?-? 2.170 31.596 125.289 7.658 
?-?-?-? 4.577 55.182 127.044 8.062 
?-?-?-? 1.900 30.982 127.059 8.064 
?-?-?-? 1.727 30.993 127.037 8.063 
?-?-?-? 1.490 25.401 127.047 8.059 
?-?-?-? 1.431 25.387 127.096 8.074 
?-?-?-? 1.839 29.670 127.041 8.063 
?-?-?-? 4.211 58.972 115.013 7.681 
?-?-?-? 2.048 28.684 115.037 7.678 
?-?-?-? 2.340 36.612 115.018 7.679 
?-?-?-? 4.128 45.016 115.063 8.059 
?-?-?-? 3.439 44.983 115.041 8.060 
?-?-?-? 5.979 55.461 122.882 8.765 
?-?-?-? 2.808 45.120 122.900 8.766 
?-?-?-? 2.545 45.131 122.882 8.770 
?-?-?-? 5.823 51.036 108.963 8.293 
?-?-?-? 1.180 21.446 108.983 8.294 
?-?-?-? 6.296 58.459 119.757 7.900 
?-?-?-? 4.473 71.980 119.754 7.903 
?-?-?-? 1.022 21.346 119.759 7.898 
?-?-?-? 3.111 42.141 112.698 8.070 
?-?-?-? 2.828 42.111 112.722 8.065 
?-?-?-? 4.958 60.074 111.367 8.513 
?-?-?-? 1.023 21.365 111.370 8.513 
?-?-?-? 1.036 19.089 111.358 8.509 
?-?-?-? 4.637 44.774 104.564 7.887 
?-?-?-? 3.928 44.595 104.554 7.891 
?-?-?-? 3.790 59.974 106.282 8.078 
?-?-?-? 4.517 60.524 117.322 7.448 
?-?-?-? 4.683 68.557 117.324 7.455 
?-?-?-? 1.177 21.709 117.320 7.448 
?-?-?-? 4.223 61.026 113.248 8.453 
?-?-?-? 3.547 55.559 117.814 8.024 
?-?-?-? 1.460 20.556 117.830 8.026 
?-?-?-? 3.542 64.879 120.353 8.639 
?-?-?-? 1.798 38.373 120.360 8.637 
?-?-?-? 0.835 13.068 120.342 8.640 
?-?-?-? 0.913 17.154 120.350 8.638 
?-?-?-? 4.205 57.057 122.380 8.520 
?-?-?-? 1.629 30.496 122.391 8.520 
?-?-?-? 1.563 30.441 122.380 8.518 
?-?-?-? 2.251 31.993 122.372 8.522 
?-?-?-? 2.171 31.938 122.380 8.522 
?-?-?-? 3.888 56.247 116.515 8.314 
?-?-?-? 1.597 18.869 116.516 8.315 
?-?-?-? 4.323 60.251 115.990 7.949 
?-?-?-? 2.072 30.881 115.987 7.949 
?-?-?-? 1.862 30.899 116.047 7.943 
?-?-?-? 4.360 61.704 120.723 7.748 
?-?-?-? 4.119 63.245 120.722 7.749 
?-?-?-? 4.390 55.004 116.519 7.900 
?-?-?-? 1.893 26.897 116.493 7.900 
?-?-?-? 1.691 43.279 116.538 7.902 
?-?-?-? 0.874 26.156 116.531 7.901 
?-?-?-? 0.971 22.808 116.531 7.902 
?-?-?-? 3.947 57.600 114.984 8.057 
?-?-?-? 2.347 27.001 114.958 8.058 
?-?-?-? 2.193 27.031 114.987 8.057 
?-?-?-? 2.230 37.281 114.985 8.057 
?-?-?-? 4.270 62.113 117.558 8.264 
?-?-?-? 1.806 33.196 117.521 8.263 
?-?-?-? 1.469 33.240 117.550 8.270 
?-?-?-? 5.610 51.210 123.195 8.064 
?-?-?-? 1.128 22.695 123.193 8.064 
?-?-?-? 4.704 61.703 115.918 8.270 
?-?-?-? 1.628 34.274 115.909 8.267 
?-?-?-? 0.878 23.492 115.905 8.269 
?-?-?-? 0.704 21.602 115.899 8.266 
?-?-?-? 3.834 48.368 117.384 8.209 
?-?-?-? 4.521 47.414 120.594 8.119 
?-?-?-? 3.493 47.464 120.599 8.117 
?-?-?-? 3.039 38.023 123.519 7.768 
?-?-?-? 2.704 38.052 123.547 7.771 
?-?-?-? 3.702 64.687 113.211 7.318 
?-?-?-? 4.208 69.471 113.221 7.317 
?-?-?-? 1.099 21.290 113.213 7.317 
?-?-?-? 4.710 59.187 118.739 7.545 
?-?-?-? 3.958 64.428 118.735 7.544 
?-?-?-? 4.229 61.053 125.143 8.815 
?-?-?-? 1.791 34.313 125.137 8.816 
?-?-?-? 0.816 23.180 125.142 8.815 
?-?-?-? 4.484 53.759 122.912 8.532 
?-?-?-? 1.764 34.530 122.914 8.530 
?-?-?-? 1.710 34.515 122.904 8.531 
?-?-?-? 1.432 24.424 122.920 8.531 
?-?-?-? 1.375 24.442 122.901 8.532 
?-?-?-? 1.665 28.922 122.907 8.532 
?-?-?-? 3.815 53.925 111.321 8.881 
?-?-?-? 1.432 18.178 111.320 8.882 
?-?-?-? 4.533 45.530 121.960 8.094 
?-?-?-? 3.542 45.525 121.965 8.093 
?-?-?-? 4.637 55.500 122.982 8.138 
?-?-?-? 2.679 41.431 123.061 8.131 
?-?-?-? 2.490 41.394 123.046 8.134 
?-?-?-? 5.203 59.325 120.634 8.512 
?-?-?-? 1.806 36.050 120.647 8.511 
?-?-?-? 0.776 22.897 120.632 8.513 
?-?-?-? 0.766 21.189 120.633 8.512 
?-?-?-? 4.234 61.620 125.822 8.971 
?-?-?-? 1.889 33.870 125.838 8.975 
?-?-?-? 0.706 22.201 125.827 8.971 
?-?-?-? 0.792 21.573 125.822 8.970 
?-?-?-? 4.337 45.762 120.518 8.901 
?-?-?-? 3.976 45.783 120.504 8.899 
?-?-?-? 4.429 56.980 116.849 8.201 
?-?-?-? 2.260 41.070 116.856 8.199 
?-?-?-? 1.659 41.065 116.851 8.200 
?-?-?-? 0.788 24.875 116.846 8.202 
?-?-?-? 0.812 23.738 116.838 8.204 
?-?-?-? 4.382 55.973 108.783 8.238 
?-?-?-? 2.121 31.342 108.799 8.239 
?-?-?-? 1.732 31.470 108.799 8.237 
?-?-?-? 2.408 36.637 108.788 8.240 
?-?-?-? 2.281 36.670 108.778 8.240 
?-?-?-? 3.987 47.303 115.429 7.916 
?-?-?-? 3.577 47.305 115.435 7.912 
?-?-?-? 5.306 58.550 122.552 8.721 
?-?-?-? 1.791 43.719 122.549 8.724 
?-?-?-? 1.436 27.490 122.574 8.724 
?-?-?-? 1.104 27.531 122.554 8.720 
?-?-?-? 0.902 13.823 122.546 8.716 
?-?-?-? 0.906 19.194 122.559 8.721 
?-?-?-? 5.143 60.370 126.054 8.788 
?-?-?-? 1.757 35.781 126.057 8.790 
?-?-?-? 0.898 23.741 126.047 8.787 
?-?-?-? 0.677 20.594 126.056 8.787 
?-?-?-? 4.369 60.700 127.911 8.732 
?-?-?-? 1.407 41.252 127.942 8.728 
?-?-?-? 0.862 19.075 127.898 8.734 
?-?-?-? 4.522 61.796 118.431 8.143 
?-?-?-? 2.137 32.601 118.453 8.141 
?-?-?-? 1.955 32.705 118.384 8.142 
?-?-?-? 4.589 52.928 118.909 8.657 
?-?-?-? 3.173 41.468 118.914 8.662 
?-?-?-? 2.870 41.493 118.899 8.660 
?-?-?-? 3.947 60.542 120.129 8.188 
?-?-?-? 2.422 36.694 120.139 8.190 
?-?-?-? 2.374 36.723 120.125 8.188 
?-?-?-? 2.101 29.692 120.125 8.188 
?-?-?-? 4.139 59.163 118.708 8.135 
?-?-?-? 1.771 28.762 118.702 8.136 
?-?-?-? 1.713 28.747 118.659 8.129 
?-?-?-? 1.941 31.863 118.708 8.135 
?-?-?-? 1.541 25.005 118.709 8.136 
?-?-?-? 4.122 67.427 121.477 8.267 
?-?-?-? 1.409 22.038 121.453 8.264 
?-?-?-? 3.526 68.502 119.292 8.122 
?-?-?-? 0.941 24.254 119.305 8.125 
?-?-?-? 0.962 21.464 119.314 8.126 
?-?-?-? 3.988 60.021 120.830 8.471 
?-?-?-? 2.457 36.270 120.833 8.470 
?-?-?-? 2.395 36.276 120.837 8.472 
?-?-?-? 2.223 29.272 120.834 8.470 
?-?-?-? 4.432 57.610 119.393 8.541 
?-?-?-? 2.975 40.751 119.402 8.540 
?-?-?-? 2.649 40.753 119.403 8.539 
?-?-?-? 3.966 60.840 115.086 7.855 
?-?-?-? 1.713 26.291 115.086 7.851 
?-?-?-? 1.401 26.329 115.087 7.855 
?-?-?-? 1.982 32.199 115.093 7.855 
?-?-?-? 1.692 29.789 115.089 7.854 
?-?-?-? 4.380 61.644 123.159 7.920 
?-?-?-? 4.082 62.578 123.157 7.919 
?-?-?-? 4.021 59.862 121.323 8.614 
?-?-?-? 1.471 25.577 121.327 8.613 
?-?-?-? 1.301 25.494 121.349 8.613 
?-?-?-? 1.795 33.193 121.312 8.614 
?-?-?-? 1.403 29.813 121.344 8.615 
?-?-?-? 3.953 60.308 117.827 8.064 
?-?-?-? 2.233 33.602 117.841 8.064 
?-?-?-? 1.833 33.499 117.828 8.062 
?-?-?-? 1.690 25.181 117.843 8.063 
?-?-?-? 1.446 24.913 117.837 8.059 
?-?-?-? 4.187 59.046 113.011 7.914 
?-?-?-? 2.513 36.555 113.014 7.915 
?-?-?-? 2.356 36.541 113.014 7.914 
?-?-?-? 2.188 29.674 113.014 7.914 
?-?-?-? 4.359 60.706 121.646 7.896 
?-?-?-? 4.000 63.634 121.646 7.896 
?-?-?-? 4.455 59.900 119.848 7.883 
?-?-?-? 3.201 38.944 119.850 7.884 
?-?-?-? 4.156 56.825 126.180 7.530 
?-?-?-? 2.164 30.343 126.178 7.530 
?-?-?-? 2.000 30.352 126.180 7.530 
?-?-?-? 2.661 36.939 126.181 7.530 
?-?-?-? 2.378 36.940 126.180 7.530 
?-?-?-? w1 w2 w3 w4 
?-?-?-?     
?-?-?-? 4.194 56.022 124.384 9.063 
?-?-?-? 2.140 34.786 124.390 9.063 
?-?-?-? 2.487 30.946 124.386 9.062 
?-?-?-? 5.186 59.669 128.734 9.023 
?-?-?-? 1.578 41.896 128.725 9.030 
?-?-?-? 1.506 28.083 128.716 9.034 
?-?-?-? 1.271 28.006 128.725 9.023 
?-?-?-? 0.951 18.429 128.729 9.029 
?-?-?-? 4.560 56.166 123.853 9.182 
?-?-?-? 1.857 34.179 123.869 9.182 
?-?-?-? 1.734 34.176 123.880 9.183 
?-?-?-? 1.743 29.797 123.859 9.184 
?-?-?-? 1.496 25.323 123.862 9.183 
?-?-?-? 4.602 52.587 126.481 9.299 
?-?-?-? 1.289 20.816 126.407 9.298 
?-?-?-? 4.686 53.640 129.271 9.288 
?-?-?-? 1.625 42.008 129.222 9.282 
?-?-?-? 1.279 42.022 129.254 9.283 
?-?-?-? 1.542 28.302 129.252 9.284 
?-?-?-? 0.741 24.128 129.241 9.286 
?-?-?-? 0.775 23.813 129.236 9.283 
?-?-?-? 4.223 59.063 127.357 9.381 
?-?-?-? 1.816 37.869 127.338 9.379 
?-?-?-? 0.751 11.368 127.345 9.382 
?-?-?-? 0.751 17.319 127.358 9.381 
?-?-?-? 4.415 55.955 122.504 9.128 
?-?-?-? 2.276 31.233 122.503 9.128 
?-?-?-? 1.897 31.138 122.490 9.133 
?-?-?-? 2.396 36.979 122.503 9.128 
?-?-?-? 3.928 60.007 118.116 9.025 
?-?-?-? 1.933 32.941 118.110 9.025 
?-?-?-? 1.883 32.941 118.110 9.025 
?-?-?-? 1.752 29.587 118.127 9.024 
?-?-?-? 3.062 42.398 118.115 9.025 
?-?-?-? 1.516 24.728 118.110 9.026 
?-?-?-? 4.074 61.259 121.832 10.631 
?-?-?-? 4.626 71.231 121.814 10.622 
?-?-?-? 3.919 55.657 111.518 9.281 
?-?-?-? 1.678 19.448 111.515 9.281 
?-?-?-? 4.447 56.220 123.449 9.337 
?-?-?-? 2.851 38.259 123.453 9.335 
?-?-?-? 2.667 38.212 123.455 9.337 
?-?-?-? 4.865 53.633 127.575 9.187 
?-?-?-? 2.739 44.353 127.594 9.184 
?-?-?-? 2.540 44.323 127.605 9.185 
?-?-?-? 3.689 67.285 106.808 9.060 
?-?-?-? 2.222 31.880 106.837 9.060 
?-?-?-? 1.073 24.093 106.825 9.063 
?-?-?-? 0.907 20.930 106.811 9.061 
?-?-?-? 4.502 64.151 129.553 9.081 
?-?-?-? 1.006 23.485 129.531 9.082 
?-?-?-? 1.100 21.505 129.556 9.082 
?-?-?-? 5.024 50.355 122.669 9.410 
?-?-?-? 1.533 24.961 122.664 9.409 
?-?-?-? 5.153 54.136 115.344 9.606 
?-?-?-? 1.891 45.349 115.314 9.609 
?-?-?-? 0.266 25.667 115.383 9.607 
?-?-?-? 3.759 60.445 118.940 9.910 
?-?-?-? 1.978 32.743 118.940 9.909 
?-?-?-? 1.817 32.765 118.942 9.911 
?-?-?-? 1.720 29.840 118.969 9.920 
?-?-?-? 3.035 42.317 118.937 9.912 
?-?-?-? 1.535 24.383 118.950 9.909 
?-?-?-? 4.256 62.815 124.309 9.034 
?-?-?-? 1.856 32.307 124.318 9.028 
?-?-?-? 0.399 22.160 124.307 9.035 
?-?-?-? 0.773 20.884 124.322 9.034 
?-?-?-? 4.527 58.735 122.720 9.294 
?-?-?-? 4.386 64.974 122.734 9.297 
?-?-?-? 4.126 57.187 113.078 10.278 
?-?-?-? 1.801 43.464 113.074 10.275 
?-?-?-? 1.607 43.297 113.094 10.266 
?-?-?-? 0.845 27.821 113.105 10.277 
?-?-?-? 0.709 25.008 113.117 10.278 
?-?-?-? 3.814 65.706 112.351 9.352 
?-?-?-? 1.872 31.933 112.409 9.354 
?-?-?-? 0.843 22.954 112.356 9.351 
?-?-?-? 0.894 19.164 112.366 9.354 
?-?-?-? 4.531 54.948 121.954 9.133 
?-?-?-? 1.892 43.147 121.975 9.131 
?-?-?-? 1.583 43.079 121.952 9.129 
?-?-?-? 1.335 27.496 122.010 9.132 
?-?-?-? 0.849 25.698 121.995 9.135 
?-?-?-? 0.827 23.029 121.970 9.130 
?-?-?-? 4.843 59.795 125.975 9.229 
?-?-?-? 1.289 40.885 125.989 9.231 
?-?-?-? 0.094 15.604 125.974 9.231 
?-?-?-? 5.209 52.462 112.149 9.153 
?-?-?-? 3.276 41.310 112.150 9.155 
?-?-?-? 2.289 41.295 112.116 9.159 
?-?-?-? 4.265 61.877 123.282 9.757 
?-?-?-? 1.987 32.950 123.322 9.750 
?-?-?-? 1.025 21.885 123.280 9.755 
?-?-?-? 0.801 21.833 123.298 9.754 
?-?-?-? 4.088 64.205 123.166 9.182 
?-?-?-? 3.039 38.132 123.169 9.185 
?-?-?-? 2.803 38.153 123.164 9.184 
